["port 1","LEFT"]
["port 2","RIGHT"]
["port 3","LEFT"]
["port 4","RIGHT"]
("port 1","mode 1",1,"port 1",1,"transmission",8.57261e-13)
(52, 3)
1.9156067603833869e+14 1.2740474324367294e-03 2.2868095332378595e+00
1.9165010679279169e+14 1.2996119965168521e-03 1.7998915219377876e+00
1.9173953754724469e+14 1.3193264412216465e-03 1.3354468668658341e+00
1.9182896830169769e+14 1.3249975648487239e-03 8.9017914336979631e-01
1.9191839905615072e+14 1.3111126147898656e-03 4.6041618975429344e-01
1.9200782981060372e+14 1.2745856130736595e-03 4.2729633680867338e-02
1.9209726056505672e+14 1.2144014320458333e-03 -3.6591670176926538e-01
1.9218669131950972e+14 1.1312724090375538e-03 -7.6825651607972312e-01
1.9227612207396272e+14 1.0273349021507005e-03 -1.1669454207617862e+00
1.9236555282841572e+14 9.0588587671382918e-04 -1.5649303325210289e+00
1.9245498358286875e+14 7.7116081222313067e-04 -1.9661094208098646e+00
1.9254441433732175e+14 6.2817585707949529e-04 -2.3767236362939381e+00
1.9263384509177475e+14 4.8272624463593689e-04 -2.8088442847719035e+00
1.9272327584622775e+14 3.4190430784860270e-04 -3.2908478140691266e+00
1.9281270660068075e+14 2.1687715613998370e-04 -3.9047058014387455e+00
1.9290213735513375e+14 1.3622556992079159e-04 -4.8785053210344982e+00
1.9299156810958678e+14 1.4876323230616248e-04 -6.0715570351924306e+00
1.9308099886403978e+14 2.1391284229433922e-04 -6.8334776840868230e+00
1.9317042961849278e+14 2.7720533345454342e-04 -7.3526273395869692e+00
1.9325986037294578e+14 3.2279142893890599e-04 -7.7793131170204113e+00
1.9334929112739878e+14 3.4598667468975416e-04 -8.1600527623505492e+00
1.9343872188185178e+14 3.4561388533316413e-04 -8.5086976911388295e+00
1.9352815263630481e+14 3.2254658246578540e-04 -8.8247920928228254e+00
1.9361758339075781e+14 2.7972762150376714e-04 -9.0942503270161374e+00
1.9370701414521081e+14 2.2353048027677324e-04 -9.2764560509988954e+00
1.9373235434948506e+14 2.0686920553814378e-04 -9.3003758992209438e+00
1.9377110469538956e+14 1.8278323160298568e-04 -9.3003758992209438e+00
1.9379644489966381e+14 1.6918504152949377e-04 -9.2707122656179166e+00
1.9388587565411681e+14 1.5297483897573248e-04 -8.9888703036957622e+00
1.9397530640856981e+14 2.0363735720817003e-04 -8.7760942362637397e+00
1.9406473716302284e+14 2.9418057594969826e-04 -8.8383940664159546e+00
1.9415416791747584e+14 3.9749598635587050e-04 -9.0491041214833992e+00
1.9424359867192884e+14 5.0070713129188066e-04 -9.3279626348086371e+00
1.9433302942638184e+14 5.9628453925509521e-04 -9.6425676444828046e+00
1.9442246018083484e+14 6.7877604164442269e-04 -9.9793260869111524e+00
1.9451189093528784e+14 7.4397521956497885e-04 -1.0332371842830547e+01
1.9460132168974088e+14 7.8877832069242624e-04 -1.0699591661690187e+01
1.9469075244419388e+14 8.1126941826237752e-04 -1.1081179532410406e+01
1.9478018319864688e+14 8.1092185528078634e-04 -1.1479241634662063e+01
1.9486961395309988e+14 7.8891995868863554e-04 -1.1897969993720903e+01
1.9495904470755288e+14 7.4867378101497496e-04 -1.2344187270050792e+01
1.9504847546200588e+14 6.9665010842163077e-04 -1.2827888843855964e+01
1.9513790621645891e+14 6.4355503601501017e-04 -1.3361324084693500e+01
1.9522733697091191e+14 6.0515848598917475e-04 -1.3952591668915479e+01
1.9531676772536491e+14 5.9996244933471744e-04 -1.4590282016389665e+01
1.9540619847981791e+14 6.4071583926870838e-04 -1.5234610726149832e+01
1.9549562923427091e+14 7.2619573078444653e-04 -1.5842357667482565e+01
1.9558505998872391e+14 8.4411583946325476e-04 -1.6396994613341672e+01
1.9567449074317694e+14 9.7970664994357672e-04 -1.6904750614569728e+01
1.9576392149762994e+14 1.1202672682349552e-03 -1.7378399272890015e+01
1.9585335225208294e+14 1.2558169296709610e-03 -1.7829301699468957e+01
1.9594278300653594e+14 1.3786315985782824e-03 -1.8265955033011814e+01
("port 1","mode 1",1,"port 2",1,"transmission",3.8020099975764412e-13)
(52, 3)
1.9156067603833869e+14 6.2892412742400983e-01 2.4300935584734700e+00
1.9165010679279169e+14 6.3129059036596336e-01 2.4307343468180678e+00
1.9173953754724469e+14 6.3364147685504879e-01 2.4313503411758530e+00
1.9182896830169769e+14 6.3597692384561733e-01 2.4319412252307018e+00
1.9191839905615072e+14 6.3829708709202915e-01 2.4325067247818000e+00
1.9200782981060372e+14 6.4060213283049416e-01 2.4330466145137248e+00
1.9209726056505672e+14 6.4289222828344728e-01 2.4335607199562861e+00
1.9218669131950972e+14 6.4516753204965571e-01 2.4340489144065538e+00
1.9227612207396272e+14 6.4742818545842906e-01 2.4345111111579736e+00
1.9236555282841572e+14 6.4967430585990016e-01 2.4349472519007684e+00
1.9245498358286875e+14 6.5190598260666766e-01 2.4353572925875855e+00
1.9254441433732175e+14 6.5412327618030142e-01 2.4357411883368743e+00
1.9263384509177475e+14 6.5632622056241963e-01 2.4360988790436502e+00
1.9272327584622775e+14 6.5851482858460486e-01 2.4364302772855835e+00
1.9281270660068075e+14 6.6068909965548639e-01 2.4367352598459089e+00
1.9290213735513375e+14 6.6284902899458920e-01 2.4370136637652031e+00
1.9299156810958678e+14 6.6499461733175746e-01 2.4372652873225196e+00
1.9308099886403978e+14 6.6712587997738615e-01 2.4374898957963866e+00
1.9317042961849278e+14 6.6924285423865204e-01 2.4376872313190581e+00
1.9325986037294578e+14 6.7134560434250723e-01 2.4378570256897363e+00
1.9334929112739878e+14 6.7343422330677705e-01 2.4379990146823176e+00
1.9343872188185178e+14 6.7550883154469910e-01 2.4381129522310450e+00
1.9352815263630481e+14 6.7756957235614634e-01 2.4381986228971728e+00
1.9361758339075781e+14 6.7961660481013941e-01 2.4382558512262489e+00
1.9370701414521081e+14 6.8165009481724859e-01 2.4382845069589592e+00
1.9373235434948506e+14 6.8222384473105435e-01 2.4382874187437715e+00
1.9377110469538956e+14 6.8309915642129182e-01 2.4382874187437720e+00
1.9379644489966381e+14 6.8367020539448298e-01 2.4382845055324029e+00
1.9388587565411681e+14 6.8567708721637077e-01 2.4382558038379076e+00
1.9397530640856981e+14 6.8767087051358877e-01 2.4381983917355501e+00
1.9406473716302284e+14 6.8965165922850769e-01 2.4381122802929891e+00
1.9415416791747584e+14 6.9161952808321503e-01 2.4379974880810167e+00
1.9424359867192884e+14 6.9357452288754851e-01 2.4378540270650704e+00
1.9433302942638184e+14 6.9551666405065216e-01 2.4376818896675219e+00
1.9442246018083484e+14 6.9744595289945055e-01 2.4374810384331371e+00
1.9451189093528784e+14 6.9936238009288454e-01 2.4372513994319074e+00
1.9460132168974088e+14 7.0126593518593261e-01 2.4369928601041662e+00
1.9469075244419388e+14 7.0315661626993309e-01 2.4367052717536311e+00
1.9478018319864688e+14 7.0503443860911996e-01 2.4363884563700200e+00
1.9486961395309988e+14 7.0689944130808158e-01 2.4360422169811344e+00
1.9495904470755288e+14 7.0875169126887072e-01 2.4356663503461897e+00
1.9504847546200588e+14 7.1059128400277027e-01 2.4352606605441767e+00
1.9513790621645891e+14 7.1241834121743353e-01 2.4348249719257664e+00
1.9522733697091191e+14 7.1423300546291046e-01 2.4343591399771292e+00
1.9531676772536491e+14 7.1603543245067902e-01 2.4338630588907844e+00
1.9540619847981791e+14 7.1782578191974111e-01 2.4333366650140236e+00
1.9549562923427091e+14 7.1960420808470749e-01 2.4327799358176652e+00
1.9558505998872391e+14 7.2137085074401275e-01 2.4321928845293059e+00
1.9567449074317694e+14 7.2312582804812586e-01 2.4315755510640886e+00
1.9576392149762994e+14 7.2486923173668794e-01 2.4309279902909862e+00
1.9585335225208294e+14 7.2660112537162092e-01 2.4302502589691146e+00
1.9594278300653594e+14 7.2832154575326846e-01 2.4295424028217032e+00
("port 1","mode 1",1,"port 3",1,"transmission",8.8632247187569482e-13)
(52, 3)
1.9156067603833869e+14 1.0683865824843552e-03 1.1858732293264689e+00
1.9165010679279169e+14 1.0246760552380971e-03 1.1639211729522412e+00
1.9173953754724469e+14 1.0145749500693416e-03 1.1541565273804164e+00
1.9182896830169769e+14 1.0399153058317360e-03 1.1408802608184070e+00
1.9191839905615072e+14 1.0963064756618938e-03 1.1099283612572177e+00
1.9200782981060372e+14 1.1750974650587447e-03 1.0538198334119346e+00
1.9209726056505672e+14 1.2663416570056806e-03 9.7180859997505176e-01
1.9218669131950972e+14 1.3608501339650585e-03 8.6702433806708490e-01
1.9227612207396272e+14 1.4509942430903568e-03 7.4386236164414943e-01
1.9236555282841572e+14 1.5307780396794010e-03 6.0660529819147857e-01
1.9245498358286875e+14 1.5956577638216074e-03 4.5895188182036284e-01
1.9254441433732175e+14 1.6423357677970633e-03 3.0398328484211840e-01
1.9263384509177475e+14 1.6685992366953979e-03 1.4428887964305198e-01
1.9272327584622775e+14 1.6732113938098614e-03 -1.7868426525037163e-02
1.9281270660068075e+14 1.6558462679716671e-03 -1.8038602538210563e-01
1.9290213735513375e+14 1.6170583249347707e-03 -3.4115905130344926e-01
1.9299156810958678e+14 1.5582835487642900e-03 -4.9791330655216276e-01
1.9308099886403978e+14 1.4818751345061802e-03 -6.4802337655177289e-01
1.9317042961849278e+14 1.3911834470115602e-03 -7.8831333762980860e-01
1.9325986037294578e+14 1.2906935754130270e-03 -9.1486616423043488e-01
1.9334929112739878e+14 1.1862249126313419e-03 -1.0229477059094076e+00
1.9343872188185178e+14 1.0851473310463950e-03 -1.1073346651870513e+00
1.9352815263630481e+14 9.9641778095569235e-04 -1.1636360303673070e+00
1.9361758339075781e+14 9.2994412256381276e-04 -1.1912716911810617e+00
1.9370701414521081e+14 8.9458896747077968e-04 -1.1974363695078993e+00
1.9373235434948506e+14 8.9101991482245591e-04 -1.1973390005281510e+00
1.9377110469538956e+14 8.9119768267870972e-04 -1.1973390005281510e+00
1.9379644489966381e+14 8.9492447668039835e-04 -1.1981134504736162e+00
1.9388587565411681e+14 9.2885852007561166e-04 -1.2121549821562296e+00
1.9397530640856981e+14 9.8851373997116995e-04 -1.2525507100586588e+00
1.9406473716302284e+14 1.0635193420958009e-03 -1.3231956511331300e+00
1.9415416791747584e+14 1.1439137196461067e-03 -1.4216581388389724e+00
1.9424359867192884e+14 1.2214454827781998e-03 -1.5430405880383677e+00
1.9433302942638184e+14 1.2897536921095266e-03 -1.6822931100532315e+00
1.9442246018083484e+14 1.3441304302270266e-03 -1.8350751192193435e+00
1.9451189093528784e+14 1.3812294780512669e-03 -1.9978821227051440e+00
1.9460132168974088e+14 1.3988328215218178e-03 -2.1679076485356727e+00
1.9469075244419388e+14 1.3956851265488589e-03 -2.3428439341516549e+00
1.9478018319864688e+14 1.3713800319030854e-03 -2.5206860202210510e+00
1.9486961395309988e+14 1.3262816862999545e-03 -2.6995458630154268e+00
1.9495904470755288e+14 1.2614711646127786e-03 -2.8774589837350715e+00
1.9504847546200588e+14 1.1787150390959399e-03 -3.0521507152472891e+00
1.9513790621645891e+14 1.0804627060245389e-03 -3.2207085583708679e+00
1.9522733697091191e+14 9.6989330985343641e-04 -3.3790707610920827e+00
1.9531676772536491e+14 8.5105923558136836e-04 -3.5211804695742916e+00
1.9540619847981791e+14 7.2922354246839289e-04 -3.6375930293092820e+00
1.9549562923427091e+14 6.1157051102322111e-04 -3.7135005932760512e+00
1.9558505998872391e+14 5.0847071044461136e-04 -3.7278256239966758e+00
1.9567449074317694e+14 4.3460556524825116e-04 -3.6619873848264732e+00
1.9576392149762994e+14 4.0559542263434979e-04 -3.5332211676674121e+00
1.9585335225208294e+14 4.2550967489742941e-04 -3.4155498184372095e+00
1.9594278300653594e+14 4.8054219886064728e-04 -3.3729611203279872e+00
("port 1","mode 1",1,"port 4",1,"transmission",4.0978433241625774e-13)
(52, 3)
1.9156067603833869e+14 7.7772965048656451e-01 2.3158018033124024e+00
1.9165010679279169e+14 7.7581251873810375e-01 2.3167671981732112e+00
1.9173953754724469e+14 7.7389550041690858e-01 2.3176909354469220e+00
1.9182896830169769e+14 7.7197902965286069e-01 2.3185730634178148e+00
1.9191839905615072e+14 7.7006349791312856e-01 2.3194138168478893e+00
1.9200782981060372e+14 7.6814920015777166e-01 2.3202135806271604e+00
1.9209726056505672e+14 7.6623629787763181e-01 2.3209728280520721e+00
1.9218669131950972e+14 7.6432480513852474e-01 2.3216920444679525e+00
1.9227612207396272e+14 7.6241459974728720e-01 2.3223716494481965e+00
1.9236555282841572e+14 7.6050545733500596e-01 2.3230119308312474e+00
1.9245498358286875e+14 7.5859710226208399e-01 2.3236130018122858e+00
1.9254441433732175e+14 7.5668926644778989e-01 2.3241747882548527e+00
1.9263384509177475e+14 7.5478174598032199e-01 2.3246970481519211e+00
1.9272327584622775e+14 7.5287444586745134e-01 2.3251794196457403e+00
1.9281270660068075e+14 7.5096740543682983e-01 2.3256214891438081e+00
1.9290213735513375e+14 7.4906080030216038e-01 2.3260228676869659e+00
1.9299156810958678e+14 7.4715492087630742e-01 2.3263832624025347e+00
1.9308099886403978e+14 7.4525013143007435e-01 2.3267025308268154e+00
1.9317042961849278e+14 7.4334681697555360e-01 2.3269807089166070e+00
1.9325986037294578e+14 7.4144532724242707e-01 2.3272180081696456e+00
1.9334929112739878e+14 7.3954592738995883e-01 2.3274147826092606e+00
1.9343872188185178e+14 7.3764876381469213e-01 2.3275714715677802e+00
1.9352815263630481e+14 7.3575385071500343e-01 2.3276885283102575e+00
1.9361758339075781e+14 7.3386107944017354e-01 2.3277663469007637e+00
1.9370701414521081e+14 7.3197024871601057e-01 2.3278051999181950e+00
1.9373235434948506e+14 7.3143480061298294e-01 2.3278091438876132e+00
1.9377110469538956e+14 7.3061624056542862e-01 2.3278091438876132e+00
1.9379644489966381e+14 7.3008111027856537e-01 2.3278051976710756e+00
1.9388587565411681e+14 7.2819342186747960e-01 2.3277662757820190e+00
1.9397530640856981e+14 7.2630699836169499e-01 2.3276882130786722e+00
1.9406473716302284e+14 7.2442175226892047e-01 2.3275706764855588e+00
1.9415416791747584e+14 7.2253771671565747e-01 2.3274132849786460e+00
1.9424359867192884e+14 7.2065504717862405e-01 2.3272156814224347e+00
1.9433302942638184e+14 7.1877400190622176e-01 2.3269775998172126e+00
1.9442246018083484e+14 7.1689490465448191e-01 2.3266989163527563e+00
1.9451189093528784e+14 7.1501809637304392e-01 2.3263796755338046e+00
1.9460132168974088e+14 7.1314388431056097e-01 2.3260200869995296e+00
1.9469075244419388e+14 7.1127249736378173e-01 2.3256204937542480e+00
1.9478018319864688e+14 7.0940405532491235e-01 2.3251813174661202e+00
1.9486961395309988e+14 7.0753855720511993e-01 2.3247029904330971e+00
1.9495904470755288e+14 7.0567589046769974e-01 2.3241858860824434e+00
1.9504847546200588e+14 7.0381585937480828e-01 2.3236302600723935e+00
1.9513790621645891e+14 7.0195822736314661e-01 2.3230362121887604e+00
1.9522733697091191e+14 7.0010276597898069e-01 2.3224036755888284e+00
1.9531676772536491e+14 6.9824930182511391e-01 2.3217324351831508e+00
1.9540619847981791e+14 6.9639775337928933e-01 2.3210221718784498e+00
1.9549562923427091e+14 6.9454815135515424e-01 2.3202725249188325e+00
1.9558505998872391e+14 6.9270063917237557e-01 2.3194831614194196e+00
1.9567449074317694e+14 6.9085545357624478e-01 2.3186538409448896e+00
1.9576392149762994e+14 6.8901288889411416e-01 2.3177844638415825e+00
1.9585335225208294e+14 6.8717325124186568e-01 2.3168750948604084e+00
1.9594278300653594e+14 6.8533681071295682e-01 2.3159259578929654e+00
("port 2","mode 1",1,"port 1",1,"transmission",3.8020228786175924e-13)
(52, 3)
1.9156067603833869e+14 6.2890817568328705e-01 2.4300757578857910e+00
1.9165010679279169e+14 6.3127527454744869e-01 2.4307163260922766e+00
1.9173953754724469e+14 6.3362679665403610e-01 2.4313321509625307e+00
1.9182896830169769e+14 6.3596286775786637e-01 2.4319229174192758e+00
1.9191839905615072e+14 6.3828363282782330e-01 2.4324883469001035e+00
1.9200782981060372e+14 6.4058924886399438e-01 2.4330282047990015e+00
1.9209726056505672e+14 6.4287987634473265e-01 2.4335423036319828e+00
1.9218669131950972e+14 6.4515567026133169e-01 2.4340305015537074e+00
1.9227612207396272e+14 6.4741677174808021e-01 2.4344926963826738e+00
1.9236555282841572e+14 6.4966330125172800e-01 2.4349288157919444e+00
1.9245498358286875e+14 6.5189535401326515e-01 2.4353388047558715e+00
1.9254441433732175e+14 6.5411299837636472e-01 2.4357226116485977e+00
1.9263384509177475e+14 6.5631627711900453e-01 2.4360801745336715e+00
1.9272327584622775e+14 6.5850521166406628e-01 2.4364114091629241e+00
1.9281270660068075e+14 6.6067980869941723e-01 2.4367162000039539e+00
1.9290213735513375e+14 6.6284006846478172e-01 2.4369943952731257e+00
1.9299156810958678e+14 6.6498599377282752e-01 2.4372458064982045e+00
1.9308099886403978e+14 6.6711759874699994e-01 2.4374702126288210e+00
1.9317042961849278e+14 6.6923491628850051e-01 2.4376673682002252e+00
1.9325986037294578e+14 6.7133800342633898e-01 2.4378370146104813e+00
1.9334929112739878e+14 6.7342694394188629e-01 2.4379788932212278e+00
1.9343872188185178e+14 6.7550184796626545e-01 2.4380927588005568e+00
1.9352815263630481e+14 6.7756284858985627e-01 2.4381783917919537e+00
1.9361758339075781e+14 6.7961009586082555e-01 2.4382356080369036e+00
1.9370701414521081e+14 6.8164374884450896e-01 2.4382642648679567e+00
1.9373235434948506e+14 6.8221753488826897e-01 2.4382671773454074e+00
1.9377110469538956e+14 6.8309289304250853e-01 2.4382671773454079e+00
1.9379644489966381e+14 6.8366396663484585e-01 2.4382642629048785e+00
1.9388587565411681e+14 6.8567089932821246e-01 2.4382355433701597e+00
1.9397530640856981e+14 6.8766467997490699e-01 2.4381780812461917e+00
1.9406473716302284e+14 6.8964541841388993e-01 2.4380918750563607e+00
1.9415416791747584e+14 6.9161319768495033e-01 2.4379769344306252e+00
1.9424359867192884e+14 6.9356807342217541e-01 2.4378332668558560e+00
1.9433302942638184e+14 6.9551007629730655e-01 2.4376608650949012e+00
1.9442246018083484e+14 6.9743921723803581e-01 2.4374596966737534e+00
1.9451189093528784e+14 6.9935549483436921e-01 2.4372296965987856e+00
1.9460132168974088e+14 7.0125890409978475e-01 2.4369707640936578e+00
1.9469075244419388e+14 7.0314944560213177e-01 2.4366827636927457e+00
1.9478018319864688e+14 7.0502713393839989e-01 2.4363655305350811e+00
1.9486961395309988e+14 7.0689200460218604e-01 2.4360188792332864e+00
1.9495904470755288e+14 7.0874411847529328e-01 2.4356426152961936e+00
1.9504847546200588e+14 7.1058356344325679e-01 2.4352365477992866e+00
1.9513790621645891e+14 7.1241045296016281e-01 2.4348005018697316e+00
1.9522733697091191e+14 7.1422492173192742e-01 2.4343343295799036e+00
1.9531676772536491e+14 7.1602711901216476e-01 2.4338379180329399e+00
1.9540619847981791e+14 7.1781720027275353e-01 2.4333111937442897e+00
1.9549562923427091e+14 7.1959531819297595e-01 2.4327541228488334e+00
1.9558505998872391e+14 7.2136161398534926e-01 2.4321667071315041e+00
1.9567449074317694e+14 7.2311621003566207e-01 2.4315489763523024e+00
1.9576392149762994e+14 7.2485920468361698e-01 2.4309009777443680e+00
1.9585335225208294e+14 7.2659066972602893e-01 2.4302227638812135e+00
1.9594278300653594e+14 7.2831065091534541e-01 2.4295143802786998e+00
("port 2","mode 1",1,"port 2",1,"transmission",8.1130664302874867e-13)
(52, 3)
1.9156067603833869e+14 1.2994139525877955e-03 1.6191028041470281e+00
1.9165010679279169e+14 1.3420681177989434e-03 1.1627043298060089e+00
1.9173953754724469e+14 1.3754595307419076e-03 7.3161462564056035e-01
1.9182896830169769e+14 1.3907082815495073e-03 3.2118607763983320e-01
1.9191839905615072e+14 1.3821659676642162e-03 -7.3008055239155753e-02
1.9200782981060372e+14 1.3469132632076960e-03 -4.5471636329593013e-01
1.9209726056505672e+14 1.2842669494427207e-03 -8.2701488943276580e-01
1.9218669131950972e+14 1.1953647219793096e-03 -1.1924864145122125e+00
1.9227612207396272e+14 1.0828201045530363e-03 -1.5534721755279977e+00
1.9236555282841572e+14 9.5042714020574361e-04 -1.9124115571151519e+00
1.9245498358286875e+14 8.0290304461894547e-04 -2.2724055327841888e+00
1.9254441433732175e+14 6.4567709174809381e-04 -2.6384194188664614e+00
1.9263384509177475e+14 4.8478752827023006e-04 -3.0205358183043982e+00
1.9272327584622775e+14 3.2718275577143336e-04 -3.4453563398785105e+00
1.9281270660068075e+14 1.8339360357677031e-04 -4.0128599757242664e+00
1.9290213735513375e+14 9.2971470138927126e-05 -5.2169761724862722e+00
1.9299156810958678e+14 1.4389964585154286e-04 -6.5882310736160079e+00
1.9308099886403978e+14 2.3533297650548489e-04 -7.1979582719891697e+00
1.9317042961849278e+14 3.1245042116195793e-04 -7.6160115165190518e+00
1.9325986037294578e+14 3.6631105014703840e-04 -7.9721382153823548e+00
1.9334929112739878e+14 3.9439724419845383e-04 -8.2958282555879048e+00
1.9343872188185178e+14 3.9650564542434793e-04 -8.5935990605433954e+00
1.9352815263630481e+14 3.7427128016569665e-04 -8.8616086328866235e+00
1.9361758339075781e+14 3.3155313193562649e-04 -9.0850701379335028e+00
1.9370701414521081e+14 2.7597964021460424e-04 -9.2294064202249047e+00
1.9373235434948506e+14 2.5976159383541537e-04 -9.2473155085691303e+00
1.9377110469538956e+14 2.3654568304192001e-04 -9.2473155085691303e+00
1.9379644489966381e+14 2.2348509087737577e-04 -9.2266697891764906e+00
1.9388587565411681e+14 2.0505459322496422e-04 -9.0352159051031489e+00
1.9397530640856981e+14 2.4659341267862177e-04 -8.8527457814150239e+00
1.9406473716302284e+14 3.3235405364359926e-04 -8.8616056053398466e+00
1.9415416791747584e+14 4.3602412943170513e-04 -9.0122738862504832e+00
1.9424359867192884e+14 5.4185698005122470e-04 -9.2383986834807370e+00
1.9433302942638184e+14 6.4044814324019418e-04 -9.5061856994650320e+00
1.9442246018083484e+14 7.2522800326795195e-04 -9.7998611200280692e+00
1.9451189093528784e+14 7.9125537380132240e-04 -1.0112043501318055e+01
1.9460132168974088e+14 8.3489508248220249e-04 -1.0439621177018001e+01
1.9469075244419388e+14 8.5381814775768239e-04 -1.0782113698124251e+01
1.9478018319864688e+14 8.4715626702762815e-04 -1.1141193354958396e+01
1.9486961395309988e+14 8.1579658857770484e-04 -1.1520919340741306e+01
1.9495904470755288e+14 7.6290573779030371e-04 -1.1928603944322502e+01
1.9504847546200588e+14 6.9489572807945735e-04 -1.2376227597521147e+01
1.9513790621645891e+14 6.2313584080726510e-04 -1.2881245094915826e+01
1.9522733697091191e+14 5.6612518792144935e-04 -1.3461072098509458e+01
1.9531676772536491e+14 5.4840364540046955e-04 -1.4109411379070027e+01
1.9540619847981791e+14 5.8850022091147666e-04 -1.4770722108142895e+01
1.9549562923427091e+14 6.8401491332744128e-04 -1.5379160984594883e+01
1.9558505998872391e+14 8.1693232338339269e-04 -1.5915463994766847e+01
1.9567449074317694e+14 9.6814509354271883e-04 -1.6394031077940401e+01
1.9576392149762994e+14 1.1228969750762797e-03 -1.6834033076803340e+01
1.9585335225208294e+14 1.2703274793381819e-03 -1.7249916354879890e+01
1.9594278300653594e+14 1.4022788926433677e-03 -1.7651414188868191e+01
("port 2","mode 1",1,"port 3",1,"transmission",4.0978352909780430e-13)
(52, 3)
1.9156067603833869e+14 7.7773854898675832e-01 -8.2575455545450915e-01
1.9165010679279169e+14 7.7582135260887786e-01 -8.2478917102456795e-01
1.9173953754724469e+14 7.7390425859116641e-01 -8.2386543072400198e-01
1.9182896830169769e+14 7.7198769870041106e-01 -8.2298329235739709e-01
1.9191839905615072e+14 7.7007206406821527e-01 -8.2214252791030085e-01
1.9200782981060372e+14 7.6815765131206382e-01 -8.2134275886279040e-01
1.9209726056505672e+14 7.6624462524254833e-01 -8.2058351698272936e-01
1.9218669131950972e+14 7.6433300434617002e-01 -8.1986431999761045e-01
1.9227612207396272e+14 7.6242267125635210e-01 -8.1918474906439953e-01
1.9236555282841572e+14 7.6051340612062934e-01 -8.1854451475344847e-01
1.9245498358286875e+14 7.5860493687907860e-01 -8.1794350032812169e-01
1.9254441433732175e+14 7.5669699764804854e-01 -8.1738177508045684e-01
1.9263384509177475e+14 7.5478938512435223e-01 -8.1685957567926215e-01
1.9272327584622775e+14 7.5288200338898648e-01 -8.1637725898670488e-01
1.9281270660068075e+14 7.5097488959695102e-01 -8.1593523467269347e-01
1.9290213735513375e+14 7.4906821641044230e-01 -8.1553388935985582e-01
1.9299156810958678e+14 7.4716227107183619e-01 -8.1517351539403538e-01
1.9308099886403978e+14 7.4525741501919551e-01 -8.1485425643319676e-01
1.9317042961849278e+14 7.4335403123161958e-01 -8.1457607906379370e-01
1.9325986037294578e+14 7.4145246850023894e-01 -8.1433877509890151e-01
1.9334929112739878e+14 7.3955299222515891e-01 -8.1414199390930964e-01
1.9343872188185178e+14 7.3765575009207285e-01 -8.1398529897376148e-01
1.9352815263630481e+14 7.3576075831966659e-01 -8.1386823872170089e-01
1.9361758339075781e+14 7.3386791056593847e-01 -8.1379041935668073e-01
1.9370701414521081e+14 7.3197700766597396e-01 -8.1375156710477980e-01
1.9373235434948506e+14 7.3144154011894236e-01 -8.1374762332145845e-01
1.9377110469538956e+14 7.3062295128895371e-01 -8.1374762332145834e-01
1.9379644489966381e+14 7.3008780281967212e-01 -8.1375156924265912e-01
1.9388587565411681e+14 7.2820005425993073e-01 -8.1379048699108614e-01
1.9397530640856981e+14 7.2631357624199089e-01 -8.1386853825330874e-01
1.9406473716302284e+14 7.2442827959273548e-01 -8.1398605339364971e-01
1.9415416791747584e+14 7.2254419495903111e-01 -8.1414341187609340e-01
1.9424359867192884e+14 7.2066147495425870e-01 -8.1434097083613710e-01
1.9433302942638184e+14 7.1878037508276815e-01 -8.1457899798073918e-01
1.9442246018083484e+14 7.1690121698173370e-01 -8.1485762038530529e-01
1.9451189093528784e+14 7.1502434052882646e-01 -8.1517679793682174e-01
1.9460132168974088e+14 7.1315005321014757e-01 -8.1553632586317315e-01
1.9469075244419388e+14 7.1127858552235645e-01 -8.1593586573230159e-01
1.9478018319864688e+14 7.0941006004658425e-01 -8.1637499938842251e-01
1.9486961395309988e+14 7.0754447939175324e-01 -8.1685329635354254e-01
1.9495904470755288e+14 7.0568173489493491e-01 -8.1737038293838271e-01
1.9504847546200588e+14 7.0382163436333289e-01 -8.1792600106930413e-01
1.9513790621645891e+14 7.0196394386828398e-01 -8.1852004666502542e-01
1.9522733697091191e+14 7.0010843621631369e-01 -8.1915258098302368e-01
1.9531676772536491e+14 6.9825493762910373e-01 -8.1982381306541219e-01
1.9540619847981791e+14 6.9640336454268359e-01 -8.2053405644040955e-01
1.9549562923427091e+14 6.9455374421055016e-01 -8.2128366769799133e-01
1.9558505998872391e+14 6.9270621565028900e-01 -8.2207297769974930e-01
1.9567449074317694e+14 6.9086101090942131e-01 -8.2290222744558128e-01
1.9576392149762994e+14 6.8901842004448588e-01 -8.2377151980495722e-01
1.9585335225208294e+14 6.8717874601805129e-01 -8.2468079554758178e-01
1.9594278300653594e+14 6.8534225743877852e-01 -8.2562983788504585e-01
("port 2","mode 1",1,"port 4",1,"transmission",8.6716343271629292e-13)
(52, 3)
1.9156067603833869e+14 1.1211011600603294e-03 -2.1654554799012455e+00
1.9165010679279169e+14 1.0933377945061538e-03 -2.1788864369836114e+00
1.9173953754724469e+14 1.0992053641472443e-03 -2.1876447950819329e+00
1.9182896830169769e+14 1.1377963257066489e-03 -2.2053737368835638e+00
1.9191839905615072e+14 1.2030981461400763e-03 -2.2422543360888159e+00
1.9200782981060372e+14 1.2862633902660221e-03 -2.3024967693693412e+00
1.9209726056505672e+14 1.3779984231456792e-03 -2.3854431242766929e+00
1.9218669131950972e+14 1.4699813008349528e-03 -2.4879369301705849e+00
1.9227612207396272e+14 1.5553554246445583e-03 -2.6061217770095944e+00
1.9236555282841572e+14 1.6287381865962205e-03 -2.7363317776204092e+00
1.9245498358286875e+14 1.6860704690851796e-03 -2.8753793992998427e+00
1.9254441433732175e+14 1.7244554275967388e-03 -3.0205556347409135e+00
1.9263384509177475e+14 1.7420325728832360e-03 -3.1695219627714000e+00
1.9272327584622775e+14 1.7378924304847247e-03 -3.3201722023514439e+00
1.9281270660068075e+14 1.7120261759261393e-03 -3.4704898920771701e+00
1.9290213735513375e+14 1.6653052027145038e-03 -3.6184038994149992e+00
1.9299156810958678e+14 1.5994898767114410e-03 -3.7616368379162219e+00
1.9308099886403978e+14 1.5172719234086316e-03 -3.8975417917171797e+00
1.9317042961849278e+14 1.4223591055997312e-03 -4.0229354661338945e+00
1.9325986037294578e+14 1.3196096234717090e-03 -4.1339736038675508e+00
1.9334929112739878e+14 1.2152040273706000e-03 -4.2262060367837382e+00
1.9343872188185178e+14 1.1167732795298064e-03 -4.2951271750312632e+00
1.9352815263630481e+14 1.0332351496452833e-03 -4.3377418745774481e+00
1.9361758339075781e+14 9.7384845762730262e-04 -4.3554422330424210e+00
1.9370701414521081e+14 9.4603374480652785e-04 -4.3569116303186401e+00
1.9373235434948506e+14 9.4442438362802575e-04 -4.3564143215487858e+00
1.9377110469538956e+14 9.4729028048135986e-04 -4.3564143215487849e+00
1.9379644489966381e+14 9.5252664342995741e-04 -4.3574812832850167e+00
1.9388587565411681e+14 9.8992958929263863e-04 -4.3731331505490409e+00
1.9397530640856981e+14 1.0501160944403494e-03 -4.4139038259720369e+00
1.9406473716302284e+14 1.1232052611112151e-03 -4.4822992243820430e+00
1.9415416791747584e+14 1.1999123795631385e-03 -4.5758840870426845e+00
1.9424359867192884e+14 1.2725611781982016e-03 -4.6903250915377130e+00
1.9433302942638184e+14 1.3352151833064163e-03 -4.8211822130538708e+00
1.9442246018083484e+14 1.3834777146098985e-03 -4.9645938167746273e+00
1.9451189093528784e+14 1.4142439290500339e-03 -5.1173894399140201e+00
1.9460132168974088e+14 1.4254963933376015e-03 -5.2769837437151734e+00
1.9469075244419388e+14 1.4161553188096528e-03 -5.4412114379703711e+00
1.9478018319864688e+14 1.3859720135568415e-03 -5.6081569987831408e+00
1.9486961395309988e+14 1.3354527496152097e-03 -5.7759855650209238e+00
1.9495904470755288e+14 1.2658050650651805e-03 -5.9427595113218379e+00
1.9504847546200588e+14 1.1789051861842183e-03 -6.1062094903618824e+00
1.9513790621645891e+14 1.0772940026379772e-03 -6.2634074985821124e+00
1.9522733697091191e+14 9.6422291877825718e-04 -6.4102528003787489e+00
1.9531676772536491e+14 8.4379661791037593e-04 -6.5406222540614474e+00
1.9540619847981791e+14 7.2130879501498563e-04 -6.6449836504874966e+00
1.9549562923427091e+14 6.0394261857166915e-04 -6.7084838674604628e+00
1.9558505998872391e+14 5.0198558082804206e-04 -6.7103203020196274e+00
1.9567449074317694e+14 4.2977340742296342e-04 -6.6331799360999639e+00
1.9576392149762994e+14 4.0202207118446954e-04 -6.4963627670113313e+00
1.9585335225208294e+14 4.2169322464464805e-04 -6.3733656712514044e+00
1.9594278300653594e+14 4.7475829968098303e-04 -6.3251804449253788e+00
("port 3","mode 1",1,"port 1",1,"transmission",1.9490141602421526e-13)
(52, 3)
1.9156067603833869e+14 3.7927045272223700e-04 1.5186373823163133e+00
1.9165010679279169e+14 3.9757369665188480e-04 1.5521283236807129e+00
1.9173953754724469e+14 4.1308007390237144e-04 1.5929919343002881e+00
1.9182896830169769e+14 4.2527688891144156e-04 1.6393321332686448e+00
1.9191839905615072e+14 4.3378522257764128e-04 1.6895371843429943e+00
1.9200782981060372e+14 4.3834636379279959e-04 1.7421968916605857e+00
1.9209726056505672e+14 4.3881328511520952e-04 1.7960235826054036e+00
1.9218669131950972e+14 4.3514616665933127e-04 1.8497774834160561e+00
1.9227612207396272e+14 4.2741142479556335e-04 1.9021930790392605e+00
1.9236555282841572e+14 4.1578423338327483e-04 1.9519013774832799e+00
1.9245498358286875e+14 4.0055511355768564e-04 1.9973424637974870e+00
1.9254441433732175e+14 3.8214183858834830e-04 2.0366635462724543e+00
1.9263384509177475e+14 3.6110863418645017e-04 2.0676019062179711e+00
1.9272327584622775e+14 3.3819521217375161e-04 2.0873653062016904e+00
1.9281270660068075e+14 3.1435764020385274e-04 2.0925568985284766e+00
1.9290213735513375e+14 2.9081877617519105e-04 2.0792698070339726e+00
1.9299156810958678e+14 2.6911194177303135e-04 2.0436181187605920e+00
1.9308099886403978e+14 2.5106890591891217e-04 1.9831125228735729e+00
1.9317042961849278e+14 2.3865639020973338e-04 1.8990721008026110e+00
1.9325986037294578e+14 2.3356780212484420e-04 1.7990315265859327e+00
1.9334929112739878e+14 2.3665368096496383e-04 1.6963687676285364e+00
1.9343872188185178e+14 2.4756042779880237e-04 1.6055746880320765e+00
1.9352815263630481e+14 2.6489739245680381e-04 1.5365514096518524e+00
1.9361758339075781e+14 2.8677193143521190e-04 1.4926424235664997e+00
1.9370701414521081e+14 3.1127996564117615e-04 1.4724116396645333e+00
1.9373235434948506e+14 3.1846520758360041e-04 1.4705077216954263e+00
1.9377110469538956e+14 3.2952394863236805e-04 1.4705077216954263e+00
1.9379644489966381e+14 3.3675594754025134e-04 1.4722745271374083e+00
1.9388587565411681e+14 3.6183222854379779e-04 1.4882580675621020e+00
1.9397530640856981e+14 3.8541251728498103e-04 1.5167839650164505e+00
1.9406473716302284e+14 4.0662470569338780e-04 1.5548796642245992e+00
1.9415416791747584e+14 4.2477886036679268e-04 1.6001439551667260e+00
1.9424359867192884e+14 4.3933641910080053e-04 1.6506355459442466e+00
1.9433302942638184e+14 4.4988965222439003e-04 1.7047530386958718e+00
1.9442246018083484e+14 4.5614891725151403e-04 1.7611276453585949e+00
1.9451189093528784e+14 4.5793550576460389e-04 1.8185309936997418e+00
1.9460132168974088e+14 4.5517857537824796e-04 1.8757936140055362e+00
1.9469075244419388e+14 4.4791536961667706e-04 1.9317275220695482e+00
1.9478018319864688e+14 4.3629459947313595e-04 1.9850454963590574e+00
1.9486961395309988e+14 4.2058355450158883e-04 2.0342690317868413e+00
1.9495904470755288e+14 4.0118032759831773e-04 2.0776165692005208e+00
1.9504847546200588e+14 3.7863356597020280e-04 2.1128649162691362e+00
1.9513790621645891e+14 3.5367336803320107e-04 2.1371844391068886e+00
1.9522733697091191e+14 3.2725779368250737e-04 2.1469749087252832e+00
1.9531676772536491e+14 3.0063776597448808e-04 2.1378021331842394e+00
1.9540619847981791e+14 2.7543240314042310e-04 2.1047045309472021e+00
1.9549562923427091e+14 2.5367269800429963e-04 2.0434187757289575e+00
1.9558505998872391e+14 2.3770029860110519e-04 1.9531676231882575e+00
1.9567449074317694e+14 2.2974825362579254e-04 1.8404904700234690e+00
1.9576392149762994e+14 2.3118488050786391e-04 1.7205560206433479e+00
1.9585335225208294e+14 2.4187273777222660e-04 1.6119250627574297e+00
1.9594278300653594e+14 2.6024996516834493e-04 1.5280422060161398e+00
("port 3","mode 1",1,"port 2",1,"transmission",4.0978043676026920e-13)
(52, 3)
1.9156067603833869e+14 7.7759218885085812e-01 -8.2575713813321316e-01
1.9165010679279169e+14 7.7567658693482722e-01 -8.2479059552476253e-01
1.9173953754724469e+14 7.7376100382194191e-01 -8.2386480198425016e-01
1.9182896830169769e+14 7.7184558525262836e-01 -8.2297983163905386e-01
1.9191839905615072e+14 7.6993049639772970e-01 -8.2213572213851704e-01
1.9200782981060372e+14 7.6801591133094771e-01 -8.2133246766825230e-01
1.9209726056505672e+14 7.6610200148373486e-01 -8.2057001678952513e-01
1.9218669131950972e+14 7.6418892438483665e-01 -8.1984827533169424e-01
1.9227612207396272e+14 7.6227681394232516e-01 -8.1916711399178632e-01
1.9236555282841572e+14 7.6036577334136723e-01 -8.1852637977669229e-01
1.9245498358286875e+14 7.5845587132819559e-01 -8.1792590999310744e-01
1.9254441433732175e+14 7.5654714226458908e-01 -8.1736554721147014e-01
1.9263384509177475e+14 7.5463958991225466e-01 -8.1684515353339815e-01
1.9272327584622775e+14 7.5273319448998532e-01 -8.1636462257339415e-01
1.9281270660068075e+14 7.5082792218533068e-01 -8.1592388783184411e-01
1.9290213735513375e+14 7.4892373603662976e-01 -8.1552292654651437e-01
1.9299156810958678e+14 7.4702060695870498e-01 -8.1516175862064333e-01
1.9308099886403978e+14 7.4511852368196452e-01 -8.1484044077596374e-01
1.9317042961849278e+14 7.4321750050846291e-01 -8.1455905661690853e-01
1.9325986037294578e+14 7.4131758204359488e-01 -8.1431770373851176e-01
1.9334929112739878e+14 7.3941884440855754e-01 -8.1411647934283959e-01
1.9343872188185178e+14 7.3752139283717766e-01 -8.1395546597928625e-01
1.9352815263630481e+14 7.3562535596524659e-01 -8.1383471900559690e-01
1.9361758339075781e+14 7.3373087748658461e-01 -8.1375425715962313e-01
1.9370701414521081e+14 7.3183810613654676e-01 -8.1371405727854162e-01
1.9373235434948506e+14 7.3130211988659433e-01 -8.1370997894023700e-01
1.9377110469538956e+14 7.3048278193089800e-01 -8.1370997894023711e-01
1.9379644489966381e+14 7.2994718513942392e-01 -8.1371405372901628e-01
1.9388587565411681e+14 7.2805824230322236e-01 -8.1375414258165446e-01
1.9397530640856981e+14 7.2617138185924235e-01 -8.1383419002990265e-01
1.9406473716302284e+14 7.2428667893653453e-01 -8.1395404408575478e-01
1.9415416791747584e+14 7.2240417725682138e-01 -8.1411354821989124e-01
1.9424359867192884e+14 7.2052389026919805e-01 -8.1431255540682779e-01
1.9433302942638184e+14 7.1864580555758617e-01 -8.1455094100070158e-01
1.9442246018083484e+14 7.1676989199051067e-01 -8.1482861300864939e-01
1.9451189093528784e+14 7.1489610878327525e-01 -8.1514551862785323e-01
1.9460132168974088e+14 7.1302441543876527e-01 -8.1550164634110645e-01
1.9469075244419388e+14 7.1115478144769673e-01 -8.1589702336491721e-01
1.9478018319864688e+14 7.0928719466964141e-01 -8.1633170876852190e-01
1.9486961395309988e+14 7.0742166747664437e-01 -8.1680578306348728e-01
1.9495904470755288e+14 7.0555824000275302e-01 -8.1731933545186475e-01
1.9504847546200588e+14 7.0369698017444759e-01 -8.1787245017906018e-01
1.9513790621645891e+14 7.0183798056095470e-01 -8.1846519352270453e-01
1.9522733697091191e+14 6.9998135243850945e-01 -8.1909760286888944e-01
1.9531676772536491e+14 6.9812721776889364e-01 -8.1976967908073750e-01
1.9540619847981791e+14 6.9627570001686923e-01 -8.2048138298887141e-01
1.9549562923427091e+14 6.9442691484866936e-01 -8.2123263636111699e-01
1.9558505998872391e+14 6.9258096175279160e-01 -8.2202332720762095e-01
1.9567449074317694e+14 6.9073791750754743e-01 -8.2285331878845591e-01
1.9576392149762994e+14 6.8889783220032841e-01 -8.2372246128678195e-01
1.9585335225208294e+14 6.8706072820849950e-01 -8.2463060481292483e-01
1.9594278300653594e+14 6.8522660221451437e-01 -8.2557761227303661e-01
("port 3","mode 1",1,"port 3",1,"transmission",-7.1782283260417005e-14)
(52, 3)
1.9156067603833869e+14 2.8916929576158017e-03 1.4638067853166817e-01
1.9165010679279169e+14 2.7994942905365540e-03 3.1462943466900578e-01
1.9173953754724469e+14 2.6673398655406109e-03 4.5612947407957083e-01
1.9182896830169769e+14 2.5146308303647161e-03 5.6435526303741834e-01
1.9191839905615072e+14 2.3711925617441640e-03 6.3327741318804731e-01
1.9200782981060372e+14 2.2758341373383395e-03 6.6215796989594899e-01
1.9209726056505672e+14 2.2677148414763900e-03 6.6249069409628658e-01
1.9218669131950972e+14 2.3698482471467509e-03 6.5891861989572054e-01
1.9227612207396272e+14 2.5767996268330376e-03 6.7707284882824970e-01
1.9236555282841572e+14 2.8595151051151388e-03 7.3017519519396212e-01
1.9245498358286875e+14 3.1801600412768700e-03 8.1836631810176008e-01
1.9254441433732175e+14 3.5029849121886230e-03 9.3547786753816953e-01
1.9263384509177475e+14 3.7983146902701484e-03 1.0742606643049772e+00
1.9272327584622775e+14 4.0430203306347744e-03 1.2284276862420893e+00
1.9281270660068075e+14 4.2200564547898896e-03 1.3929753167527015e+00
1.9290213735513375e+14 4.3179910086935044e-03 1.5639230854355279e+00
1.9299156810958678e+14 4.3306907274056798e-03 1.7379385249235568e+00
1.9308099886403978e+14 4.2571221401936357e-03 1.9119742150932992e+00
1.9317042961849278e+14 4.1012185942130531e-03 2.0829205523954859e+00
1.9325986037294578e+14 3.8718061654356806e-03 2.2472402347904192e+00
1.9334929112739878e+14 3.5826356406405560e-03 2.4005470573202117e+00
1.9343872188185178e+14 3.2526194040117377e-03 2.5371283728357716e+00
1.9352815263630481e+14 2.9063748199466897e-03 2.6495664180739116e+00
1.9361758339075781e+14 2.5749402584466525e-03 2.7291004840241637e+00
1.9370701414521081e+14 2.2955193501367210e-03 2.7684234606661282e+00
1.9373235434948506e+14 2.2312916754519099e-03 2.7720789733972966e+00
1.9377110469538956e+14 2.1490816889891433e-03 2.7720789733972966e+00
1.9379644489966381e+14 2.1067680483386939e-03 2.7690793942255927e+00
1.9388587565411681e+14 2.0353584357692641e-03 2.7501571307254999e+00
1.9397530640856981e+14 2.0795631683050435e-03 2.7440440864345406e+00
1.9406473716302284e+14 2.2086634291332463e-03 2.7764230992570238e+00
1.9415416791747584e+14 2.3807751876611964e-03 2.8547261274469413e+00
1.9424359867192884e+14 2.5593069167420693e-03 2.9739431218940724e+00
1.9433302942638184e+14 2.7184746019013224e-03 3.1255004816136398e+00
1.9442246018083484e+14 2.8424194182050033e-03 3.3015839577870385e+00
1.9451189093528784e+14 2.9228391050310329e-03 3.4961277640927224e+00
1.9460132168974088e+14 2.9568781366490007e-03 3.7045846768694588e+00
1.9469075244419388e+14 2.9455034250249002e-03 3.9234478574815217e+00
1.9478018319864688e+14 2.8922411722807915e-03 4.1498115715978567e+00
1.9486961395309988e+14 2.8021588437190572e-03 4.3810170589724970e+00
1.9495904470755288e+14 2.6810442924307875e-03 4.6143671854358841e+00
1.9504847546200588e+14 2.5347905960053660e-03 4.8468833788539145e+00
1.9513790621645891e+14 2.3690301777986636e-03 5.0750773266556299e+00
1.9522733697091191e+14 2.1890772310225273e-03 5.2947061742024797e+00
1.9531676772536491e+14 2.0002384688724930e-03 5.5004773278532770e+00
1.9540619847981791e+14 1.8085453875283182e-03 5.6856936273109557e+00
1.9549562923427091e+14 1.6219396663893551e-03 5.8419638305808252e+00
1.9558505998872391e+14 1.4518253406589129e-03 5.9595518501122129e+00
1.9567449074317694e+14 1.3143854425124901e-03 6.0299547910701516e+00
1.9576392149762994e+14 1.2296634676888243e-03 6.0529526415494264e+00
1.9585335225208294e+14 1.2152234066049152e-03 6.0455959606771223e+00
1.9594278300653594e+14 1.2757544997011889e-03 6.0394174553448092e+00
("port 3","mode 1",1,"port 4",1,"transmission",4.3935553409329901e-13)
(52, 3)
1.9156067603833869e+14 6.2796984085186336e-01 2.2021068106950956e+00
1.9165010679279169e+14 6.3033625519138969e-01 2.2034136920351206e+00
1.9173953754724469e+14 6.3268786623389472e-01 2.2046625008190208e+00
1.9182896830169769e+14 6.3502500557766561e-01 2.2058534612416105e+00
1.9191839905615072e+14 6.3734797713271862e-01 2.2069869859695435e+00
1.9200782981060372e+14 6.3965701151776622e-01 2.2080636400010096e+00
1.9209726056505672e+14 6.4195223292031156e-01 2.2090840790995760e+00
1.9218669131950972e+14 6.4423364417694862e-01 2.2100489735358870e+00
1.9227612207396272e+14 6.4650113268458942e-01 2.2109589303091965e+00
1.9236555282841572e+14 6.4875449615900294e-01 2.2118144271682825e+00
1.9245498358286875e+14 6.5099348383235434e-01 2.2126157696283446e+00
1.9254441433732175e+14 6.5321784601861832e-01 2.2133630781496141e+00
1.9263384509177475e+14 6.5542738353208418e-01 2.2140563074081796e+00
1.9272327584622775e+14 6.5762198847085329e-01 2.2146952940706499e+00
1.9281270660068075e+14 6.5980166937020956e-01 2.2152798246132863e+00
1.9290213735513375e+14 6.6196655643209590e-01 2.2158097113461204e+00
1.9299156810958678e+14 6.6411688597903107e-01 2.2162848634802645e+00
1.9308099886403978e+14 6.6625296686730728e-01 2.2167053410294399e+00
1.9317042961849278e+14 6.6837513470411247e-01 2.2170713823728292e+00
1.9325986037294578e+14 6.7048370180772787e-01 2.2173834009072420e+00
1.9334929112739878e+14 6.7257891157051097e-01 2.2176419515529617e+00
1.9343872188185178e+14 6.7466090510782184e-01 2.2178476730568124e+00
1.9352815263630481e+14 6.7672970593917536e-01 2.2180012161432074e+00
1.9361758339075781e+14 6.7878522532415952e-01 2.2181031699250622e+00
1.9370701414521081e+14 6.8082728730039199e-01 2.2181539991896675e+00
1.9373235434948506e+14 6.8140342830496536e-01 2.2181591521435573e+00
1.9377110469538956e+14 6.8228232944422840e-01 2.2181591521435573e+00
1.9379644489966381e+14 6.8285566906574180e-01 2.2181540032176983e+00
1.9388587565411681e+14 6.8487014969556848e-01 2.2181033030126374e+00
1.9397530640856981e+14 6.8687055874854019e-01 2.2180018588840711e+00
1.9406473716302284e+14 6.8885681633913121e-01 2.2178495150836488e+00
1.9415416791747584e+14 6.9082895773899300e-01 2.2176460635589375e+00
1.9424359867192884e+14 6.9278713825602389e-01 2.2173913156467440e+00
1.9433302942638184e+14 6.9473161756413115e-01 2.2170851692336946e+00
1.9442246018083484e+14 6.9666272622321657e-01 2.2167276597790480e+00
1.9451189093528784e+14 6.9858082021909584e-01 2.2163189864614474e+00
1.9460132168974088e+14 7.0048623143064581e-01 2.2158595090685207e+00
1.9469075244419388e+14 7.0237922263516461e-01 2.2153497163397535e+00
1.9478018319864688e+14 7.0425995487315562e-01 2.2147901714135401e+00
1.9486961395309988e+14 7.0612847284560221e-01 2.2141814439695340e+00
1.9495904470755288e+14 7.0798471088283899e-01 2.2135240409249102e+00
1.9504847546200588e+14 7.0982851844465900e-01 2.2128183477445309e+00
1.9513790621645891e+14 7.1165970070648710e-01 2.2120645905495766e+00
1.9522733697091191e+14 7.1347806714480111e-01 2.2112628255690150e+00
1.9531676772536491e+14 7.1528347961847716e-01 2.2104129577170708e+00
1.9540619847981791e+14 7.1707589150101303e-01 2.2095147850132841e+00
1.9549562923427091e+14 7.1885537094873364e-01 2.2085680610771918e+00
1.9558505998872391e+14 7.2062210413194150e-01 2.2075725647870033e+00
1.9567449074317694e+14 7.2237637773906438e-01 2.2065281649524455e+00
1.9576392149762994e+14 7.2411854368468098e-01 2.2054348687089904e+00
1.9585335225208294e+14 7.2584897208186083e-01 2.2042928451702841e+00
1.9594278300653594e+14 7.2756800063043336e-01 2.2031024201638938e+00
("port 4","mode 1",1,"port 1",1,"transmission",4.0978226079000461e-13)
(52, 3)
1.9156067603833869e+14 7.7756520000130513e-01 2.3157796393051293e+00
1.9165010679279169e+14 7.7565053188760447e-01 2.3167462624528543e+00
1.9173953754724469e+14 7.7373586591493737e-01 2.3176721736011188e+00
1.9182896830169769e+14 7.7182133504262640e-01 2.3185572987387686e+00
1.9191839905615072e+14 7.6990709254893086e-01 2.3194015948778901e+00
1.9200782981060372e+14 7.6799330283256750e-01 2.3202050577243454e+00
1.9209726056505672e+14 7.6608013091800542e-01 2.3209677250554486e+00
1.9218669131950972e+14 7.6416773185337439e-01 2.3216896754310623e+00
1.9227612207396272e+14 7.6225624119199920e-01 2.3223710223965663e+00
1.9236555282841572e+14 7.6034576761720341e-01 2.3230119048348454e+00
1.9245498358286875e+14 7.5843638852093898e-01 2.3236124745586428e+00
1.9254441433732175e+14 7.5652814900887844e-01 2.3241728825402705e+00
1.9263384509177475e+14 7.5462106441695598e-01 2.3246932653188908e+00
1.9272327584622775e+14 7.5271512603030810e-01 2.3251737331048896e+00
1.9281270660068075e+14 7.5081030933969028e-01 2.3256143609022732e+00
1.9290213735513375e+14 7.4890658389244458e-01 2.3260151836269052e+00
1.9299156810958678e+14 7.4700392362460288e-01 2.3263761957463100e+00
1.9308099886403978e+14 7.4510231651693926e-01 2.3266973554606327e+00
1.9317042961849278e+14 7.4320177250370667e-01 2.3269785929308160e+00
1.9325986037294578e+14 7.4130232876805868e-01 2.3272198216162097e+00
1.9334929112739878e+14 7.3940405185836600e-01 2.3274209514316304e+00
1.9343872188185178e+14 7.3750703642073123e-01 2.3275819022440341e+00
1.9352815263630481e+14 7.3561140072305142e-01 2.3277026161930650e+00
1.9361758339075781e+14 7.3371727950313004e-01 2.3277830674638094e+00
1.9370701414521081e+14 7.3182481496706442e-01 2.3278232684291633e+00
1.9373235434948506e+14 7.3128890592788942e-01 2.3278273474001838e+00
1.9377110469538956e+14 7.3046967759172454e-01 2.3278273474001838e+00
1.9379644489966381e+14 7.2993414696226622e-01 2.3278232714943861e+00
1.9388587565411681e+14 7.2804540343119706e-01 2.3277831664609283e+00
1.9397530640856981e+14 7.2615869220864360e-01 2.3277030737318016e+00
1.9406473716302284e+14 7.2427409506401186e-01 2.3275831341409630e+00
1.9415416791747584e+14 7.2239166462947790e-01 2.3274234965674929e+00
1.9424359867192884e+14 7.2051142452539219e-01 2.3272243047351662e+00
1.9433302942638184e+14 7.1863337263377525e-01 2.3269856846811043e+00
1.9442246018083484e+14 7.1675748711932408e-01 2.3267077342936284e+00
1.9451189093528784e+14 7.1488373449498910e-01 2.3263905160810987e+00
1.9460132168974088e+14 7.1301207880813822e-01 2.3260340539616071e+00
1.9469075244419388e+14 7.1114249090862991e-01 2.3256383344107587e+00
1.9478018319864688e+14 7.0927495676275898e-01 2.3252033118114737e+00
1.9486961395309988e+14 7.0740948389549085e-01 2.3247289173807135e+00
1.9495904470755288e+14 7.0554610526357553e-01 2.3242150706519888e+00
1.9504847546200588e+14 7.0368488015784125e-01 2.3236616922077946e+00
1.9513790621645891e+14 7.0182589207038826e-01 2.3230687162288111e+00
1.9522733697091191e+14 6.9996924380306857e-01 2.3224361014539490e+00
1.9531676772536491e+14 6.9811505039922050e-01 2.3217638393345532e+00
1.9540619847981791e+14 6.9626343071756969e-01 2.3210519584864926e+00
1.9549562923427091e+14 6.9441449860923854e-01 2.3203005249694764e+00
1.9558505998872391e+14 6.9256835469107447e-01 2.3195096383910236e+00
1.9567449074317694e+14 6.9072507962965857e-01 2.3186794243057554e+00
1.9576392149762994e+14 6.8888472966922587e-01 2.3178100237874442e+00
1.9585335225208294e+14 6.8704733487600411e-01 2.3169015813698874e+00
1.9594278300653594e+14 6.8521290026069770e-01 2.3159542327207649e+00
("port 4","mode 1",1,"port 2",1,"transmission",1.9858810202142119e-13)
(52, 3)
1.9156067603833869e+14 3.7638989708350110e-04 -1.6728493182999549e+00
1.9165010679279169e+14 3.9321737305870260e-04 -1.6419528219928365e+00
1.9173953754724469e+14 4.0733058755367332e-04 -1.6041235866636774e+00
1.9182896830169769e+14 4.1825482887795429e-04 -1.5611573516518069e+00
1.9191839905615072e+14 4.2564325525048196e-04 -1.5146057204564674e+00
1.9200782981060372e+14 4.2926513550364955e-04 -1.4658478879072423e+00
1.9209726056505672e+14 4.2899846022547631e-04 -1.4161618092169590e+00
1.9218669131950972e+14 4.2482622211406428e-04 -1.3667933822879601e+00
1.9227612207396272e+14 4.1683601398753879e-04 -1.3190259894005238e+00
1.9236555282841572e+14 4.0522304012788920e-04 -1.2742542184240877e+00
1.9245498358286875e+14 3.9029713837155072e-04 -1.2340656060064159e+00
1.9254441433732175e+14 3.7249494820692798e-04 -1.2003322626717874e+00
1.9263384509177475e+14 3.5239883357738455e-04 -1.1753077860492296e+00
1.9272327584622775e+14 3.3076418770849517e-04 -1.1617080892199749e+00
1.9281270660068075e+14 3.0855516541817912e-04 -1.1627163785099535e+00
1.9290213735513375e+14 2.8698294500145043e-04 -1.1817773560078570e+00
1.9299156810958678e+14 2.6752526930168307e-04 -1.2219374884933041e+00
1.9308099886403978e+14 2.5187729299951659e-04 -1.2844526277796229e+00
1.9317042961849278e+14 2.4175615448515276e-04 -1.3667552965024263e+00
1.9325986037294578e+14 2.3851704209391442e-04 -1.4609729135442584e+00
1.9334929112739878e+14 2.4270487133709858e-04 -1.5550791570854783e+00
1.9343872188185178e+14 2.5384047989301017e-04 -1.6370655537972945e+00
1.9352815263630481e+14 2.7061985476502449e-04 -1.6990970643759316e+00
1.9361758339075781e+14 2.9135384430157798e-04 -1.7386357355247271e+00
1.9370701414521081e+14 3.1435072365481611e-04 -1.7569459902169284e+00
1.9373235434948506e+14 3.2106516766258178e-04 -1.7586771398865875e+00
1.9377110469538956e+14 3.3138037561690074e-04 -1.7586771398865875e+00
1.9379644489966381e+14 3.3811479758855692e-04 -1.7570640590448845e+00
1.9388587565411681e+14 3.6140014734082704e-04 -1.7424119460764425e+00
1.9397530640856981e+14 3.8319540170717563e-04 -1.7161423341279729e+00
1.9406473716302284e+14 4.0268902095234329e-04 -1.6809349874760675e+00
1.9415416791747584e+14 4.1923638825324360e-04 -1.6390023627093200e+00
1.9424359867192884e+14 4.3233476281993107e-04 -1.5921703220593786e+00
1.9433302942638184e+14 4.4160617131185829e-04 -1.5419747033148219e+00
1.9442246018083484e+14 4.4678667662974032e-04 -1.4897527400796997e+00
1.9451189093528784e+14 4.4772044340431698e-04 -1.4367251435127621e+00
1.9460132168974088e+14 4.4435748115993881e-04 -1.3840713548756136e+00
1.9469075244419388e+14 4.3675450584077267e-04 -1.3330029935114467e+00
1.9478018319864688e+14 4.2507893664229401e-04 -1.2848415148915511e+00
1.9486961395309988e+14 4.0961666527667052e-04 -1.2411064566339480e+00
1.9495904470755288e+14 3.9078495285997536e-04 -1.2036200541611164e+00
1.9504847546200588e+14 3.6915263564215716e-04 -1.1746304300344197e+00
1.9513790621645891e+14 3.4547055730193340e-04 -1.1569434822601121e+00
1.9522733697091191e+14 3.2071492897004525e-04 -1.1540201850632164e+00
1.9531676772536491e+14 2.9614248697825725e-04 -1.1699165855834561e+00
1.9540619847981791e+14 2.7334239167497743e-04 -1.2087906768660044e+00
1.9549562923427091e+14 2.5423522784561521e-04 -1.2735222629810943e+00
1.9558505998872391e+14 2.4091496432652559e-04 -1.3631543354191127e+00
1.9567449074317694e+14 2.3522050867814311e-04 -1.4701478039859608e+00
1.9576392149762994e+14 2.3810836537556547e-04 -1.5804999812101512e+00
1.9585335225208294e+14 2.4923334109423800e-04 -1.6787587175386574e+00
1.9594278300653594e+14 2.6711791909843504e-04 -1.7543398651862261e+00
("port 4","mode 1",1,"port 3",1,"transmission",4.3935551403494227e-13)
(52, 3)
1.9156067603833869e+14 6.2796988185951674e-01 2.2021065210446467e+00
1.9165010679279169e+14 6.3033631083703145e-01 2.2034134537884267e+00
1.9173953754724469e+14 6.3268792770594717e-01 2.2046623247270318e+00
1.9182896830169769e+14 6.3502506193368358e-01 2.2058533519463071e+00
1.9191839905615072e+14 6.3734801692316789e-01 2.2069869413545251e+00
1.9200782981060372e+14 6.3965702443211592e-01 2.2080636515773802e+00
1.9209726056505672e+14 6.4195221120648804e-01 2.2090841333191986e+00
1.9218669131950972e+14 6.4423358362974537e-01 2.2100490537893132e+00
1.9227612207396272e+14 6.4650103307267892e-01 2.2109590192734814e+00
1.9236555282841572e+14 6.4875436105147788e-01 2.2118145091328048e+00
1.9245498358286875e+14 6.5099331987969378e-01 2.2126158324482077e+00
1.9254441433732175e+14 6.5321766182506646e-01 2.2133631145506838e+00
1.9263384509177475e+14 6.5542718831425339e-01 2.2140563154819430e+00
1.9272327584622775e+14 6.5762179072256088e-01 2.2146952769316917e+00
1.9281270660068075e+14 6.5980147574309567e-01 2.2152797893255505e+00
1.9290213735513375e+14 6.6196637099798716e-01 2.2158096673353587e+00
1.9299156810958678e+14 6.6411670997116479e-01 2.2162848207222163e+00
1.9308099886403978e+14 6.6625279891503508e-01 2.2167053083261008e+00
1.9317042961849278e+14 6.6837497149322556e-01 2.2170713660004551e+00
1.9325986037294578e+14 6.7048353902946101e-01 2.2173834038455329e+00
1.9334929112739878e+14 6.7257874497758752e-01 2.2176419733983712e+00
1.9343872188185178e+14 6.7466073148252881e-01 2.2178477106022165e+00
1.9352815263630481e+14 6.7672952379813023e-01 2.2180012644912135e+00
1.9361758339075781e+14 6.7878503523358757e-01 2.2181032239118403e+00
1.9370701414521081e+14 6.8082709174600775e-01 2.2181540548448759e+00
1.9373235434948506e+14 6.8140323186321483e-01 2.2181592078599750e+00
1.9377110469538956e+14 6.8228213229720125e-01 2.2181592078599750e+00
1.9379644489966381e+14 6.8285547190101636e-01 2.2181540589819528e+00
1.9388587565411681e+14 6.8486995526794003e-01 2.2181033604774778e+00
1.9397530640856981e+14 6.8687037086237313e-01 2.2180019229031527e+00
1.9406473716302284e+14 6.8885663724681034e-01 2.2178495932140918e+00
1.9415416791747584e+14 6.9082878735172748e-01 2.2176461649101631e+00
1.9424359867192884e+14 6.9278697373312037e-01 2.2173914493210454e+00
1.9433302942638184e+14 6.9473145337866737e-01 2.2170853426202979e+00
1.9442246018083484e+14 6.9666255472270544e-01 2.2167278769982057e+00
1.9451189093528784e+14 6.9858063261471626e-01 2.2163192472406488e+00
1.9460132168974088e+14 7.0048601907190355e-01 2.2158598082706393e+00
1.9469075244419388e+14 7.0237897837128760e-01 2.2153500442620526e+00
1.9478018319864688e+14 7.0425967427792258e-01 2.2147905148524711e+00
1.9486961395309988e+14 7.0612815509364013e-01 2.2141817879187768e+00
1.9495904470755288e+14 7.0798435911206603e-01 2.2135243706636341e+00
1.9504847546200588e+14 7.0982813951525536e-01 2.2128186509977210e+00
1.9513790621645891e+14 7.1165930436042224e-01 2.2120648593756354e+00
1.9522733697091191e+14 7.1347766466723406e-01 2.2112630576576233e+00
1.9531676772536491e+14 7.1528308218788383e-01 2.2104131568598571e+00
1.9540619847981791e+14 7.1707550847455681e-01 2.2095149606305462e+00
1.9549562923427091e+14 7.1885500835265670e-01 2.2085682268280697e+00
1.9558505998872391e+14 7.2062176360841224e-01 2.2075727364363953e+00
1.9567449074317694e+14 7.2237605614211964e-01 2.2065283577927901e+00
1.9576392149762994e+14 7.2411823342618664e-01 2.2054350949186596e+00
1.9585335225208294e+14 7.2584866221672295e-01 2.2042931115182287e+00
1.9594278300653594e+14 7.2756767855509485e-01 2.2031027264361946e+00
("port 4","mode 1",1,"port 4",1,"transmission",-8.1240978844820492e-14)
(52, 3)
1.9156067603833869e+14 2.8940597178934756e-03 6.5286259784742104e-02
1.9165010679279169e+14 2.7924265918168227e-03 2.4789403233743115e-01
1.9173953754724469e+14 2.6416090277773534e-03 4.0420085024880925e-01
1.9182896830169769e+14 2.4594753967714564e-03 5.2641138180562486e-01
1.9191839905615072e+14 2.2755717244503119e-03 6.0538949985972923e-01
1.9200782981060372e+14 2.1320959425008782e-03 6.3518509137770462e-01
1.9209726056505672e+14 2.0776206427631041e-03 6.2317246080405919e-01
1.9218669131950972e+14 2.1475487429574113e-03 5.9748192740259776e-01
1.9227612207396272e+14 2.3427299883725084e-03 5.9399912671937438e-01
1.9236555282841572e+14 2.6311157925060849e-03 6.3309306966305701e-01
1.9245498358286875e+14 2.9683224497789379e-03 7.1545588069070265e-01
1.9254441433732175e+14 3.3132842044369124e-03 8.3259737760636632e-01
1.9263384509177475e+14 3.6330546333465832e-03 9.7499832060506597e-01
1.9272327584622775e+14 3.9025991589573565e-03 1.1348737691025832e+00
1.9281270660068075e+14 4.1036768212120382e-03 1.3063656922731337e+00
1.9290213735513375e+14 4.2239912128940026e-03 1.4850477213660362e+00
1.9299156810958678e+14 4.2566874686998189e-03 1.6673837327001839e+00
1.9308099886403978e+14 4.2000608323686933e-03 1.8502681873956839e+00
1.9317042961849278e+14 4.0573716381035359e-03 2.0306251394432091e+00
1.9325986037294578e+14 3.8367310898632561e-03 2.2050074499389321e+00
1.9334929112739878e+14 3.5510941798684169e-03 2.3691326804385016e+00
1.9343872188185178e+14 3.2184699903086804e-03 2.5173103528153109e+00
1.9352815263630481e+14 2.8625171486475077e-03 2.6418229725124469e+00
1.9361758339075781e+14 2.5135966317323421e-03 2.7327487384101374e+00
1.9370701414521081e+14 2.2095697251836239e-03 2.7799322876294159e+00
1.9373235434948506e+14 2.1375081752673052e-03 2.7845592961856309e+00
1.9377110469538956e+14 2.0431332402345678e-03 2.7845592961856309e+00
1.9379644489966381e+14 1.9930287862254072e-03 2.7804865528709328e+00
1.9388587565411681e+14 1.8985053679114803e-03 2.7513227826320277e+00
1.9397530640856981e+14 1.9313810948648443e-03 2.7297137905550146e+00
1.9406473716302284e+14 2.0615603875836662e-03 2.7491046350249202e+00
1.9415416791747584e+14 2.2430155813164248e-03 2.8202233184904921e+00
1.9424359867192884e+14 2.4349395888213412e-03 2.9372407673901448e+00
1.9433302942638184e+14 2.6089264842337812e-03 3.0898033755411265e+00
1.9442246018083484e+14 2.7477419143693547e-03 3.2687346591157138e+00
1.9451189093528784e+14 2.8423881211048240e-03 3.4671548457419665e+00
1.9460132168974088e+14 2.8896606344190651e-03 3.6800839770175506e+00
1.9469075244419388e+14 2.8903712122883203e-03 3.9038133937516442e+00
1.9478018319864688e+14 2.8480197761812545e-03 4.1353740010383646e+00
1.9486961395309988e+14 2.7677434820307400e-03 4.3721314019708934e+00
1.9495904470755288e+14 2.6554663087019980e-03 4.6114744997095967e+00
1.9504847546200588e+14 2.5172431968006320e-03 4.8505613661448104e+00
1.9513790621645891e+14 2.3588352642632351e-03 5.0860911908066111e+00
1.9522733697091191e+14 2.1855725167322288e-03 5.3140707247662338e+00
1.9531676772536491e+14 2.0025637826681987e-03 5.5295395030187651e+00
1.9540619847981791e+14 1.8153079972730158e-03 5.7262288279049720e+00
1.9549562923427091e+14 1.6307483716482538e-03 5.8962157580760417e+00
1.9558505998872391e+14 1.4587457432404726e-03 6.0299595776541395e+00
1.9567449074317694e+14 1.3136146241616695e-03 6.1179665299334953e+00
1.9576392149762994e+14 1.2142714437776208e-03 6.1564308132679892e+00
1.9585335225208294e+14 1.1798993445075231e-03 6.1567918950036500e+00
1.9594278300653594e+14 1.2201233371541870e-03 6.1482332203418446e+00
