["port 1","LEFT"]
["port 2","RIGHT"]
["port 3","LEFT"]
["port 4","RIGHT"]
("port 1","mode 1",1,"port 1",1,"transmission",1.85641e-14)
(52, 3)
1.9156067603833869e+14 5.4864910373228395e-04 -2.1827923104583942e+00
1.9165010679279169e+14 4.8367726609529549e-04 -2.1582154974169940e+00
1.9173953754724469e+14 4.2008106184966281e-04 -2.1309183525794273e+00
1.9182896830169769e+14 3.5804089304625371e-04 -2.0996362008348002e+00
1.9191839905615072e+14 2.9775116195092388e-04 -2.0621772452266534e+00
1.9200782981060372e+14 2.3944069025361704e-04 -2.0144175768374595e+00
1.9209726056505672e+14 1.8342781087357310e-04 -1.9476637735977254e+00
1.9218669131950972e+14 1.3030000959864197e-04 -1.8403193491735754e+00
1.9227612207396272e+14 8.1698184646690654e-05 -1.6239149848954531e+00
1.9236555282841572e+14 4.5334251410669759e-05 -1.0234018281323900e+00
1.9245498358286875e+14 4.9224912038301891e-05 5.7588213271796168e-02
1.9254441433732175e+14 8.4106050228018885e-05 5.3476665488130204e-01
1.9263384509177475e+14 1.2371032381154691e-04 7.1605795141825446e-01
1.9272327584622775e+14 1.6254604378958053e-04 8.0964228358138113e-01
1.9281270660068075e+14 1.9937416363717154e-04 8.6822128095424456e-01
1.9290213735513375e+14 2.3375736434486441e-04 9.0937610014088577e-01
1.9299156810958678e+14 2.6548861948786159e-04 9.4043375356671832e-01
1.9308099886403978e+14 2.9445137083475764e-04 9.6492702335819258e-01
1.9317042961849278e+14 3.2057479318276357e-04 9.8472832536182375e-01
1.9325986037294578e+14 3.4381681966000636e-04 1.0008872855983879e+00
1.9334929112739878e+14 3.6415703998371300e-04 1.0140031583482241e+00
1.9343872188185178e+14 3.8159369102177577e-04 1.0244062206238054e+00
1.9352815263630481e+14 3.9614259799357213e-04 1.0322520032938349e+00
1.9361758339075781e+14 4.0783720193070439e-04 1.0375721421499666e+00
1.9370701414521081e+14 4.1672931928742952e-04 1.0403019220889331e+00
1.9373235434948506e+14 4.1874874075491036e-04 1.0405860061597036e+00
1.9377110469538956e+14 4.2141702145016049e-04 1.0405860061597036e+00
1.9379644489966381e+14 4.2289051102529514e-04 1.0402943571521721e+00
1.9388587565411681e+14 4.2641406038289504e-04 1.0373259179836305e+00
1.9397530640856981e+14 4.2741763533354812e-04 1.0310967373157829e+00
1.9406473716302284e+14 4.2604676921244257e-04 1.0212270540406774e+00
1.9415416791747584e+14 4.2247933894998810e-04 1.0072512958018736e+00
1.9424359867192884e+14 4.1693125087276537e-04 9.8861138993672926e-01
1.9433302942638184e+14 4.0966354047552008e-04 9.6465166791959800e-01
1.9442246018083484e+14 4.0099101483134374e-04 9.3461925179839689e-01
1.9451189093528784e+14 3.9129233892469409e-04 8.9767629691972417e-01
1.9460132168974088e+14 3.8102096609415610e-04 8.5293398870258308e-01
1.9469075244419388e+14 3.7071536564633068e-04 7.9952220842486132e-01
1.9478018319864688e+14 3.6100544627297839e-04 7.3671117513503992e-01
1.9486961395309988e+14 3.5260996298839561e-04 6.6409713752377775e-01
1.9495904470755288e+14 3.4631771454550090e-04 5.8184519870482398e-01
1.9504847546200588e+14 3.4294531639211747e-04 4.9094198981286302e-01
1.9513790621645891e+14 3.4326905405303326e-04 3.9335772379624151e-01
1.9522733697091191e+14 3.4793929236343231e-04 2.9199032935960645e-01
1.9531676772536491e+14 3.5739931270954917e-04 1.9031982969434028e-01
1.9540619847981791e+14 3.7183617394240199e-04 9.1845410863685473e-02
1.9549562923427091e+14 3.9118096894773485e-04 -4.8546697137742662e-04
1.9558505998872391e+14 4.1515435801631054e-04 -8.4641206237050459e-02
1.9567449074317694e+14 4.4333594648867264e-04 -1.5958018638006552e-01
1.9576392149762994e+14 4.7523343690438901e-04 -2.2509940384200600e-01
1.9585335225208294e+14 5.1033644425515720e-04 -2.8158434512472064e-01
1.9594278300653594e+14 5.4815089664174269e-04 -3.2976377673793017e-01
("port 1","mode 1",1,"port 2",1,"transmission",1.3864510762533367e-13)
(52, 3)
1.9156067603833869e+14 9.4420724400846379e-01 1.7426826674211822e+00
1.9165010679279169e+14 9.4453256578321787e-01 1.7427670072118797e+00
1.9173953754724469e+14 9.4485563347268831e-01 1.7428481001101415e+00
1.9182896830169769e+14 9.4517646052940363e-01 1.7429259206020964e+00
1.9191839905615072e+14 9.4549506017082408e-01 1.7430004434792221e+00
1.9200782981060372e+14 9.4581144537685236e-01 1.7430716438431628e+00
1.9209726056505672e+14 9.4612562888832796e-01 1.7431394971096874e+00
1.9218669131950972e+14 9.4643762320648805e-01 1.7432039790111156e+00
1.9227612207396272e+14 9.4674744059355809e-01 1.7432650655982818e+00
1.9236555282841572e+14 9.4705509307437685e-01 1.7433227332408254e+00
1.9245498358286875e+14 9.4736059243917836e-01 1.7433769586266790e+00
1.9254441433732175e+14 9.4766395024749195e-01 1.7434277187608176e+00
1.9263384509177475e+14 9.4796517783320788e-01 1.7434749909625715e+00
1.9272327584622775e+14 9.4826428631077175e-01 1.7435187528625935e+00
1.9281270660068075e+14 9.4856128658250516e-01 1.7435589823984643e+00
1.9290213735513375e+14 9.4885618934704408e-01 1.7435956578101612e+00
1.9299156810958678e+14 9.4914900510883138e-01 1.7436287576345044e+00
1.9308099886403978e+14 9.4943974418863819e-01 1.7436582606990523e+00
1.9317042961849278e+14 9.4972841673506625e-01 1.7436841461155033e+00
1.9325986037294578e+14 9.5001503273692656e-01 1.7437063932730021e+00
1.9334929112739878e+14 9.5029960203646535e-01 1.7437249818305676e+00
1.9343872188185178e+14 9.5058213434332506e-01 1.7437398917098450e+00
1.9352815263630481e+14 9.5086263924915670e-01 1.7437511030871100e+00
1.9361758339075781e+14 9.5114112624279268e-01 1.7437585963857787e+00
1.9370701414521081e+14 9.5141760472583903e-01 1.7437623522685484e+00
1.9373235434948506e+14 9.5149558101209075e-01 1.7437627343165927e+00
1.9377110469538956e+14 9.5161451275799847e-01 1.7437627343165927e+00
1.9379644489966381e+14 9.5169208402863159e-01 1.7437623516295828e+00
1.9388587565411681e+14 9.5196457342636498e-01 1.7437585755868872e+00
1.9397530640856981e+14 9.5223508215536568e-01 1.7437510054750962e+00
1.9406473716302284e+14 9.5250361942927553e-01 1.7437396228380257e+00
1.9415416791747584e+14 9.5277019445511157e-01 1.7437244094218967e+00
1.9424359867192884e+14 9.5303481644904309e-01 1.7437053471686861e+00
1.9433302942638184e+14 9.5329749465172653e-01 1.7436824182098447e+00
1.9442246018083484e+14 9.5355823834312314e-01 1.7436556048605834e+00
1.9451189093528784e+14 9.5381705685665885e-01 1.7436248896140805e+00
1.9460132168974088e+14 9.5407395959259744e-01 1.7435902551366449e+00
1.9469075244419388e+14 9.5432895603051660e-01 1.7435516842629877e+00
1.9478018319864688e+14 9.5458205574081612e-01 1.7435091599918118e+00
1.9486961395309988e+14 9.5483326839508187e-01 1.7434626654819025e+00
1.9495904470755288e+14 9.5508260377529697e-01 1.7434121840487475e+00
1.9504847546200588e+14 9.5533007178176521e-01 1.7433576991610860e+00
1.9513790621645891e+14 9.5557568243968860e-01 1.7432991944382272e+00
1.9522733697091191e+14 9.5581944590433421e-01 1.7432366536471395e+00
1.9531676772536491e+14 9.5606137246475065e-01 1.7431700607002614e+00
1.9540619847981791e+14 9.5630147254597453e-01 1.7430993996532778e+00
1.9549562923427091e+14 9.5653975670971003e-01 1.7430246547029300e+00
1.9558505998872391e+14 9.5677623565346481e-01 1.7429458101850241e+00
1.9567449074317694e+14 9.5701092020814560e-01 1.7428628505727237e+00
1.9576392149762994e+14 9.5724382133411035e-01 1.7427757604743597e+00
1.9585335225208294e+14 9.5747495011570594e-01 1.7426845246316991e+00
1.9594278300653594e+14 9.5770431775432441e-01 1.7425891279176089e+00
("port 1","mode 1",1,"port 3",1,"transmission",1.2739150386876973e-13)
(52, 3)
1.9156067603833869e+14 1.0319175554624992e-03 -3.0461587480696282e+00
1.9165010679279169e+14 1.0344116856932128e-03 -3.0415772387654889e+00
1.9173953754724469e+14 1.0368011009696887e-03 -3.0372122882219998e+00
1.9182896830169769e+14 1.0390621350370086e-03 -3.0330704770311407e+00
1.9191839905615072e+14 1.0411712244947492e-03 -3.0291566289464638e+00
1.9200782981060372e+14 1.0431050698807638e-03 -3.0254739122732115e+00
1.9209726056505672e+14 1.0448407861096745e-03 -3.0220239473944508e+00
1.9218669131950972e+14 1.0463560417140728e-03 -3.0188069182512769e+00
1.9227612207396272e+14 1.0476291865444559e-03 -3.0158216858159776e+00
1.9236555282841572e+14 1.0486393677673538e-03 -3.0130659018386976e+00
1.9245498358286875e+14 1.0493666341599955e-03 -3.0105361213921475e+00
1.9254441433732175e+14 1.0497920288336387e-03 -3.0082279129828327e+00
1.9263384509177475e+14 1.0498976706283423e-03 -3.0061359652318620e+00
1.9272327584622775e+14 1.0496668245106135e-03 -3.0042541893453891e+00
1.9281270660068075e+14 1.0490839613741230e-03 -3.0025758167973211e+00
1.9290213735513375e+14 1.0481348076948496e-03 -3.0010934918243195e+00
1.9299156810958678e+14 1.0468063855278344e-03 -2.9997993584936422e+00
1.9308099886403978e+14 1.0450870433554810e-03 -2.9986851422392387e+00
1.9317042961849278e+14 1.0429664783088877e-03 -2.9977422258775070e+00
1.9325986037294578e+14 1.0404357502868361e-03 -2.9969617202099625e+00
1.9334929112739878e+14 1.0374872884924453e-03 -2.9963345293982293e+00
1.9343872188185178e+14 1.0341148908979080e-03 -2.9958514113569792e+00
1.9352815263630481e+14 1.0303137171337349e-03 -2.9955030334590758e+00
1.9361758339075781e+14 1.0260802752820744e-03 -2.9952800238799413e+00
1.9370701414521081e+14 1.0214124030350064e-03 -2.9951730189337153e+00
1.9373235434948506e+14 1.0200106234216852e-03 -2.9951625003036337e+00
1.9377110469538956e+14 1.0177994182507880e-03 -2.9951625003036337e+00
1.9379644489966381e+14 1.0163092436589552e-03 -2.9951727067679830e+00
1.9388587565411681e+14 1.0107712171860701e-03 -2.9952698677917011e+00
1.9397530640856981e+14 1.0047999872334643e-03 -2.9954554122129022e+00
1.9406473716302284e+14 9.9839842383159239e-04 -2.9957204150610761e+00
1.9415416791747584e+14 9.9157056262452422e-04 -2.9960561490616215e+00
1.9424359867192884e+14 9.8432156078694794e-04 -2.9964541157228530e+00
1.9433302942638184e+14 9.7665764998667334e-04 -2.9969060749850942e+00
1.9442246018083484e+14 9.6858608670595265e-04 -2.9974040737706660e+00
1.9451189093528784e+14 9.6011510022145688e-04 -2.9979404737628066e+00
1.9460132168974088e+14 9.5125383852990306e-04 -2.9985079787290823e+00
1.9469075244419388e+14 9.4201231249567570e-04 -2.9990996616956265e+00
1.9478018319864688e+14 9.3240133848657733e-04 -2.9997089922680162e+00
1.9486961395309988e+14 9.2243247975549959e-04 -3.0003298643857454e+00
1.9495904470755288e+14 9.1211798681821270e-04 -3.0009566247901254e+00
1.9504847546200588e+14 9.0147073707147040e-04 -3.0015841024802752e+00
1.9513790621645891e+14 8.9050417389012189e-04 -3.0022076394266350e+00
1.9522733697091191e+14 8.7923224543808270e-04 -3.0028231228108129e+00
1.9531676772536491e+14 8.6766934342402723e-04 -3.0034270190594623e+00
1.9540619847981791e+14 8.5583024203148288e-04 -3.0040164099432864e+00
1.9549562923427091e+14 8.4373003725018536e-04 -3.0045890310173813e+00
1.9558505998872391e+14 8.3138408683571961e-04 -3.0051433126866725e+00
1.9567449074317694e+14 8.1880795112402737e-04 -3.0056784241918115e+00
1.9576392149762994e+14 8.0601733492857773e-04 -3.0061943208270394e+00
1.9585335225208294e+14 7.9302803074893799e-04 -3.0066917947189569e+00
1.9594278300653594e+14 7.7985586352252907e-04 -3.0071725295213856e+00
("port 1","mode 1",1,"port 4",1,"transmission",1.3855033119064521e-13)
(52, 3)
1.9156067603833869e+14 3.2827246835646101e-01 3.1304436888590397e+00
1.9165010679279169e+14 3.2736901592798640e-01 3.1305359511881647e+00
1.9173953754724469e+14 3.2646795411401247e-01 3.1306245339739900e+00
1.9182896830169769e+14 3.2556927925700857e-01 3.1307094159694415e+00
1.9191839905615072e+14 3.2467298775764891e-01 3.1307905768150897e+00
1.9200782981060372e+14 3.2377907606589262e-01 3.1308679970759825e+00
1.9209726056505672e+14 3.2288754067122727e-01 3.1309416582726524e+00
1.9218669131950972e+14 3.2199837809225890e-01 3.1310115429052616e+00
1.9227612207396272e+14 3.2111158486577213e-01 3.1310776344716751e+00
1.9236555282841572e+14 3.2022715753545827e-01 3.1311399174781354e+00
1.9245498358286875e+14 3.1934509264045607e-01 3.1311983774431424e+00
1.9254441433732175e+14 3.1846538670388091e-01 3.1312530008946968e+00
1.9263384509177475e+14 3.1758803622149295e-01 3.1313037753599877e+00
1.9272327584622775e+14 3.1671303765067832e-01 3.1313506893487801e+00
1.9281270660068075e+14 3.1584038739990450e-01 3.1313937323295806e+00
1.9290213735513375e+14 3.1497008181876690e-01 3.1314328946998709e+00
1.9299156810958678e+14 3.1410211718880576e-01 3.1314681677498744e+00
1.9308099886403978e+14 3.1323648971518575e-01 3.1314995436204676e+00
1.9317042961849278e+14 3.1237319551938830e-01 3.1315270152557151e+00
1.9325986037294578e+14 3.1151223063298511e-01 3.1315505763507545e+00
1.9334929112739878e+14 3.1065359099261936e-01 3.1315702212947172e+00
1.9343872188185178e+14 3.0979727243624261e-01 3.1315859451102801e+00
1.9352815263630481e+14 3.0894327070067235e-01 3.1315977433894249e+00
1.9361758339075781e+14 3.0809158142052312e-01 3.1316056122269540e+00
1.9370701414521081e+14 3.0724220012852027e-01 3.1316095481518165e+00
1.9373235434948506e+14 3.0700194694500199e-01 3.1316099478815702e+00
1.9377110469538956e+14 3.0663490817177630e-01 3.1316099478815702e+00
1.9379644489966381e+14 3.0639512225721616e-01 3.1316095480568982e+00
1.9388587565411681e+14 3.0555034314210394e-01 3.1316056091282372e+00
1.9397530640856981e+14 3.0470785802608025e-01 3.1315977287744734e+00
1.9406473716302284e+14 3.0386766206524962e-01 3.1315859045564669e+00
1.9415416791747584e+14 3.0302975033597784e-01 3.1315701341186477e+00
1.9424359867192884e+14 3.0219411784314726e-01 3.1315504151221849e+00
1.9433302942638184e+14 3.0136075952950730e-01 3.1315267451808113e+00
1.9442246018083484e+14 3.0052967028603900e-01 3.1314991217999792e+00
1.9451189093528784e+14 2.9970084496320271e-01 3.1314675423194922e+00
1.9460132168974088e+14 2.9887427838295061e-01 3.1314320038609180e+00
1.9469075244419388e+14 2.9804996535137995e-01 3.1313925032795957e+00
1.9478018319864688e+14 2.9722790067186533e-01 3.1313490371217698e+00
1.9486961395309988e+14 2.9640807915856576e-01 3.1313016015875381e+00
1.9495904470755288e+14 2.9559049565008527e-01 3.1312501924999014e+00
1.9504847546200588e+14 2.9477514502321672e-01 3.1311948052796632e+00
1.9513790621645891e+14 2.9396202220654455e-01 3.1311354349271654e+00
1.9522733697091191e+14 2.9315112219379674e-01 3.1310720760101600e+00
1.9531676772536491e+14 2.9234244005676197e-01 3.1310047226587461e+00
1.9540619847981791e+14 2.9153597095765565e-01 3.1309333685667444e+00
1.9549562923427091e+14 2.9073171016078780e-01 3.1308580069995018e+00
1.9558505998872391e+14 2.8992965304336532e-01 3.1307786308082299e+00
1.9567449074317694e+14 2.8912979510536430e-01 3.1306952324508250e+00
1.9576392149762994e+14 2.8833213197829999e-01 3.1306078040181453e+00
1.9585335225208294e+14 2.8753665943284085e-01 3.1305163372664517e+00
1.9594278300653594e+14 2.8674337338514710e-01 3.1304208236545659e+00
("port 2","mode 1",1,"port 1",1,"transmission",1.3864510721799819e-13)
(52, 3)
1.9156067603833869e+14 9.4420613711558798e-01 1.7426787921857547e+00
1.9165010679279169e+14 9.4453194799716433e-01 1.7427633685998773e+00
1.9173953754724469e+14 9.4485548089800309e-01 1.7428446876827395e+00
1.9182896830169769e+14 9.4517674932160067e-01 1.7429227240352143e+00
1.9191839905615072e+14 9.4549576653074807e-01 1.7429974525576490e+00
1.9200782981060372e+14 9.4581254554480998e-01 1.7430688484539321e+00
1.9209726056505672e+14 9.4612709913806003e-01 1.7431368872347341e+00
1.9218669131950972e+14 9.4643943983905432e-01 1.7432015447192546e+00
1.9227612207396272e+14 9.4674957993118325e-01 1.7432627970365548e+00
1.9236555282841572e+14 9.4705753145435323e-01 1.7433206206252625e+00
1.9245498358286875e+14 9.4736330620785736e-01 1.7433749922325328e+00
1.9254441433732175e+14 9.4766691575444417e-01 1.7434258889123315e+00
1.9263384509177475e+14 9.4796837142561496e-01 1.7434732880223454e+00
1.9272327584622775e+14 9.4826768432808406e-01 1.7435171672206151e+00
1.9281270660068075e+14 9.4856486535143680e-01 1.7435575044608806e+00
1.9290213735513375e+14 9.4885992517694528e-01 1.7435942779878602e+00
1.9299156810958678e+14 9.4915287428747830e-01 1.7436274663315896e+00
1.9308099886403978e+14 9.4944372297848334e-01 1.7436570483012861e+00
1.9317042961849278e+14 9.4973248136997135e-01 1.7436830029787955e+00
1.9325986037294578e+14 9.5001915941942239e-01 1.7437053097120285e+00
1.9334929112739878e+14 9.5030376693554142e-01 1.7437239481075952e+00
1.9343872188185178e+14 9.5058631359277734e-01 1.7437388980238422e+00
1.9352815263630481e+14 9.5086680894649600e-01 1.7437501395632176e+00
1.9361758339075781e+14 9.5114526244872122e-01 1.7437576530652177e+00
1.9370701414521081e+14 9.5142168346429035e-01 1.7437614190990338e+00
1.9373235434948506e+14 9.5149963910280899e-01 1.7437618021817110e+00
1.9377110469538956e+14 9.5161853554407261e-01 1.7437618021817110e+00
1.9379644489966381e+14 9.5169608128737149e-01 1.7437614184563124e+00
1.9388587565411681e+14 9.5196846515812905e-01 1.7437576321441681e+00
1.9397530640856981e+14 9.5223884427953065e-01 1.7437500413786664e+00
1.9406473716302284e+14 9.5250722783402808e-01 1.7437386275781284e+00
1.9415416791747584e+14 9.5277362500009344e-01 1.7437233723571455e+00
1.9424359867192884e+14 9.5303804496843447e-01 1.7437042575207793e+00
1.9433302942638184e+14 9.5330049695773689e-01 1.7436812650591442e+00
1.9442246018083484e+14 9.5356099022984331e-01 1.7436543771426007e+00
1.9451189093528784e+14 9.5381953410423925e-01 1.7436235761168857e+00
1.9460132168974088e+14 9.5407613797169410e-01 1.7435888444992127e+00
1.9469075244419388e+14 9.5433081130697284e-01 1.7435501649744902e+00
1.9478018319864688e+14 9.5458356368051644e-01 1.7435075203918526e+00
1.9486961395309988e+14 9.5483440476892867e-01 1.7434608937616871e+00
1.9495904470755288e+14 9.5508334436427567e-01 1.7434102682531765e+00
1.9504847546200588e+14 9.5533039238201978e-01 1.7433556271917425e+00
1.9513790621645891e+14 9.5557555886757817e-01 1.7432969540572365e+00
1.9522733697091191e+14 9.5581885400141520e-01 1.7432342324818562e+00
1.9531676772536491e+14 9.5606028810262900e-01 1.7431674462487494e+00
1.9540619847981791e+14 9.5629987163099184e-01 1.7430965792905277e+00
1.9549562923427091e+14 9.5653761518741687e-01 1.7430216156877640e+00
1.9558505998872391e+14 9.5677352951283845e-01 1.7429425396676244e+00
1.9567449074317694e+14 9.5700762548551410e-01 1.7428593356027229e+00
1.9576392149762994e+14 9.5723991411675602e-01 1.7427719880094268e+00
1.9585335225208294e+14 9.5747040654511006e-01 1.7426804815465418e+00
1.9594278300653594e+14 9.5769911402903507e-01 1.7425848010133236e+00
("port 2","mode 1",1,"port 2",1,"transmission",1.3984885456650552e-14)
(52, 3)
1.9156067603833869e+14 5.3262456386645818e-04 -2.2637347227834894e+00
1.9165010679279169e+14 4.6764831804120761e-04 -2.2404793783871466e+00
1.9173953754724469e+14 4.0412545823322396e-04 -2.2154497992388476e+00
1.9182896830169769e+14 3.4221671794575748e-04 -2.1877747649514272e+00
1.9191839905615072e+14 2.8208582468209080e-04 -2.1559016880367392e+00
1.9200782981060372e+14 2.2390893109132029e-04 -2.1167995703627507e+00
1.9209726056505672e+14 1.6790215437873768e-04 -2.0637171736047124e+00
1.9218669131950972e+14 1.1442194744902698e-04 -1.9781994156742420e+00
1.9227612207396272e+14 6.4512225170496406e-05 -1.7881304900028401e+00
1.9236555282841572e+14 2.6496665745724084e-05 -9.7533141123585465e-01
1.9245498358286875e+14 4.4771954504812621e-05 4.1165930581825355e-01
1.9254441433732175e+14 8.5780992271046913e-05 7.1687766794229957e-01
1.9263384509177475e+14 1.2672558148298508e-04 8.2648819372307980e-01
1.9272327584622775e+14 1.6558472767945061e-04 8.8638138407726852e-01
1.9281270660068075e+14 2.0191357871259235e-04 9.2646079799839209e-01
1.9290213735513375e+14 2.3553433914246205e-04 9.5643860799188907e-01
1.9299156810958678e+14 2.6635085912846303e-04 9.8034678366130601e-01
1.9308099886403978e+14 2.9430403986886229e-04 1.0001179803109026e+00
1.9317042961849278e+14 3.1935770695817173e-04 1.0167578699472761e+00
1.9325986037294578e+14 3.4149346169498222e-04 1.0308056013875075e+00
1.9334929112739878e+14 3.6070880535296943e-04 1.0425387782074294e+00
1.9343872188185178e+14 3.7701669540024909e-04 1.0520729424024464e+00
1.9352815263630481e+14 3.9044586655886894e-04 1.0594124738540023e+00
1.9361758339075781e+14 4.0104167143088641e-04 1.0644769581852673e+00
1.9370701414521081e+14 4.0886737306052891e-04 1.0671140676636748e+00
1.9373235434948506e+14 4.1059208427075784e-04 1.0673912363932210e+00
1.9377110469538956e+14 4.1281707915783990e-04 1.0673912363932210e+00
1.9379644489966381e+14 4.1400591213223585e-04 1.0671043711874248e+00
1.9388587565411681e+14 4.1656222947959086e-04 1.0641608959151045e+00
1.9397530640856981e+14 4.1666627091696074e-04 1.0579250537147531e+00
1.9406473716302284e+14 4.1447684312842807e-04 1.0479600685513579e+00
1.9415416791747584e+14 4.1018652458444933e-04 1.0337430674540951e+00
1.9424359867192884e+14 4.0402785291683313e-04 1.0146575147526999e+00
1.9433302942638184e+14 3.9628098257938016e-04 9.8998880466514205e-01
1.9442246018083484e+14 3.8728288064149156e-04 9.5892780406078981e-01
1.9451189093528784e+14 3.7743780948204389e-04 9.2059017166986301e-01
1.9460132168974088e+14 3.6722818513726098e-04 8.7406329280304196e-01
1.9469075244419388e+14 3.5722371470582262e-04 8.1849660354805975e-01
1.9478018319864688e+14 3.4808489005015936e-04 7.5325168559856071e-01
1.9486961395309988e+14 3.4055469417961388e-04 6.7811910219225591e-01
1.9495904470755288e+14 3.3543088298930202e-04 5.9358054919138592e-01
1.9504847546200588e+14 3.3351281323587090e-04 5.0104477778621070e-01
1.9513790621645891e+14 3.3552422987826228e-04 4.0293489009063338e-01
1.9522733697091191e+14 3.4202646392303610e-04 3.0250641858364297e-01
1.9531676772536491e+14 3.5334817282002572e-04 2.0337759825612942e-01
1.9540619847981791e+14 3.6955703236788047e-04 1.0891752879483985e-01
1.9549562923427091e+14 3.9048197125403068e-04 2.1732499686113845e-02
1.9558505998872391e+14 4.1577261176876397e-04 -5.6575409617061416e-02
1.9567449074317694e+14 4.4497116691555143e-04 -1.2536570177062911e-01
1.9576392149762994e+14 4.7757571548829117e-04 -1.8474189200135591e-01
1.9585335225208294e+14 5.1308495981745666e-04 -2.3528719662224049e-01
1.9594278300653594e+14 5.5102426436137166e-04 -2.7783612803757368e-01
("port 2","mode 1",1,"port 3",1,"transmission",1.3855007366954137e-13)
(52, 3)
1.9156067603833869e+14 3.2827653676858232e-01 -1.1271164294875817e-02
1.9165010679279169e+14 3.2737307245354486e-01 -1.1178886169222274e-02
1.9173953754724469e+14 3.2647199795293375e-01 -1.1090288756717262e-02
1.9182896830169769e+14 3.2557330968921722e-01 -1.1005393436148253e-02
1.9191839905615072e+14 3.2467700414541856e-01 -1.0924220669905421e-02
1.9200782981060372e+14 3.2378307785512911e-01 -1.0846789966876935e-02
1.9209726056505672e+14 3.2289152739171528e-01 -1.0773119851515106e-02
1.9218669131950972e+14 3.2200234935690908e-01 -1.0703227840105446e-02
1.9227612207396272e+14 3.2111554036891665e-01 -1.0637130423423367e-02
1.9236555282841572e+14 3.2023109705025410e-01 -1.0574843057105269e-02
1.9245498358286875e+14 3.1934901601546101e-01 -1.0516380159104612e-02
1.9254441433732175e+14 3.1846929385887801e-01 -1.0461755114047845e-02
1.9263384509177475e+14 3.1759192714264600e-01 -1.0410980285394790e-02
1.9272327584622775e+14 3.1671691238510535e-01 -1.0364067034111047e-02
1.9281270660068075e+14 3.1584424604975897e-01 -1.0321025744757335e-02
1.9290213735513375e+14 3.1497392453492379e-01 -1.0281865857660657e-02
1.9299156810958678e+14 3.1410594416425136e-01 -1.0246595907678570e-02
1.9308099886403978e+14 3.1324030117820861e-01 -1.0215223568914598e-02
1.9317042961849278e+14 3.1237699172666761e-01 -1.0187755704866071e-02
1.9325986037294578e+14 3.1151601186267708e-01 -1.0164198423244550e-02
1.9334929112739878e+14 3.1065735753753654e-01 -1.0144557135752337e-02
1.9343872188185178e+14 3.0980102459721426e-01 -1.0128836621188395e-02
1.9352815263630481e+14 3.0894700878017428e-01 -1.0117041092267891e-02
1.9361758339075781e+14 3.0809530571666066e-01 -1.0109174264583215e-02
1.9370701414521081e+14 3.0724591092943510e-01 -1.0105239427619686e-02
1.9373235434948506e+14 3.0700565397246815e-01 -1.0104839814497096e-02
1.9377110469538956e+14 3.0663860947037647e-01 -1.0104839814497099e-02
1.9379644489966381e+14 3.0639881983598782e-01 -1.0105239517145769e-02
1.9388587565411681e+14 3.0555402775220569e-01 -1.0109177187991323e-02
1.9397530640856981e+14 3.0471152989743977e-01 -1.0117054886383873e-02
1.9406473716302284e+14 3.0387132140095802e-01 -1.0128874921889909e-02
1.9415416791747584e+14 3.0303339730968037e-01 -1.0144639537374088e-02
1.9424359867192884e+14 3.0219775259713993e-01 -1.0164350976889844e-02
1.9433302942638184e+14 3.0136438217355288e-01 -1.0188011550641345e-02
1.9442246018083484e+14 3.0053328089690673e-01 -1.0215623696338008e-02
1.9451189093528784e+14 2.9970444358492782e-01 -1.0247190036801383e-02
1.9460132168974088e+14 2.9887786502779862e-01 -1.0282713432507581e-02
1.9469075244419388e+14 2.9805354000149037e-01 -1.0322197029267290e-02
1.9478018319864688e+14 2.9723146328154554e-01 -1.0365644300502463e-02
1.9486961395309988e+14 2.9641162965719159e-01 -1.0413059083467688e-02
1.9495904470755288e+14 2.9559403394556133e-01 -1.0464445609110376e-02
1.9504847546200588e+14 2.9477867100594035e-01 -1.0519808525867601e-02
1.9513790621645891e+14 2.9396553575381396e-01 -1.0579152916410527e-02
1.9522733697091191e+14 2.9315462317459468e-01 -1.0642484308072291e-02
1.9531676772536491e+14 2.9234592833684431e-01 -1.0709808676048491e-02
1.9540619847981791e+14 2.9153944640487017e-01 -1.0781132440021489e-02
1.9549562923427091e+14 2.9073517265054688e-01 -1.0856462454247465e-02
1.9558505998872391e+14 2.8993310246419152e-01 -1.0935805991034546e-02
1.9567449074317694e+14 2.8913323136443092e-01 -1.1019170717680818e-02
1.9576392149762994e+14 2.8833555500688701e-01 -1.1106564667946177e-02
1.9585335225208294e+14 2.8754006919162867e-01 -1.1197996207364870e-02
1.9594278300653594e+14 2.8674676986927189e-01 -1.1293473993885741e-02
("port 2","mode 1",1,"port 4",1,"transmission",1.2799578528748896e-13)
(52, 3)
1.9156067603833869e+14 1.0829947863503281e-03 1.3090888302997317e-01
1.9165010679279169e+14 1.0843157332492749e-03 1.3562962534529821e-01
1.9173953754724469e+14 1.0855134918943347e-03 1.4012928114555689e-01
1.9182896830169769e+14 1.0865642991750735e-03 1.4440149206034852e-01
1.9191839905615072e+14 1.0874445524665342e-03 1.4844157504117420e-01
1.9200782981060372e+14 1.0881309737629454e-03 1.5224642972902944e-01
1.9209726056505672e+14 1.0886007625404556e-03 1.5581443944204873e-01
1.9218669131950972e+14 1.0888317368128288e-03 1.5914536783436023e-01
1.9227612207396272e+14 1.0888024620541365e-03 1.6224025308436613e-01
1.9236555282841572e+14 1.0884923678481666e-03 1.6510130125542966e-01
1.9245498358286875e+14 1.0878818522853260e-03 1.6773178025216848e-01
1.9254441433732175e+14 1.0869523742639243e-03 1.7013591557305124e-01
1.9263384509177475e+14 1.0856865339654448e-03 1.7231878884384305e-01
1.9272327584622775e+14 1.0840681418640579e-03 1.7428623991468464e-01
1.9281270660068075e+14 1.0820822767011495e-03 1.7604477311323413e-01
1.9290213735513375e+14 1.0797153329082205e-03 1.7760146807820068e-01
1.9299156810958678e+14 1.0769550579985572e-03 1.7896389544378358e-01
1.9308099886403978e+14 1.0737905804716604e-03 1.8014003751499341e-01
1.9317042961849278e+14 1.0702124287865313e-03 1.8113821396022159e-01
1.9325986037294578e+14 1.0662125419632657e-03 1.8196701245224611e-01
1.9334929112739878e+14 1.0617842723677983e-03 1.8263522410998545e-01
1.9343872188185178e+14 1.0569223812246977e-03 1.8315178353130471e-01
1.9352815263630481e+14 1.0516230273884589e-03 1.8352571315585642e-01
1.9361758339075781e+14 1.0458837498860530e-03 1.8376607166086673e-01
1.9370701414521081e+14 1.0397034447240537e-03 1.8388190606339597e-01
1.9373235434948506e+14 1.0378720668732780e-03 1.8389333322073573e-01
1.9377110469538956e+14 1.0350031183028309e-03 1.8389333322073570e-01
1.9379644489966381e+14 1.0330823364327934e-03 1.8388220718424220e-01
1.9388587565411681e+14 1.0260219447986050e-03 1.8377586811637631e-01
1.9397530640856981e+14 1.0185250472140521e-03 1.8357164533426412e-01
1.9406473716302284e+14 1.0105956370551786e-03 1.8327812207734945e-01
1.9415416791747584e+14 1.0022388784750021e-03 1.8290367364364754e-01
1.9424359867192884e+14 9.9346105798327677e-04 1.8245643423130850e-01
1.9433302942638184e+14 9.8426953316522862e-04 1.8194426497182326e-01
1.9442246018083484e+14 9.7467267887524085e-04 1.8137472280396691e-01
1.9451189093528784e+14 9.6467983122683245e-04 1.8075502984274447e-01
1.9460132168974088e+14 9.5430122968624090e-04 1.8009204290419462e-01
1.9469075244419388e+14 9.4354795756524442e-04 1.7939222284981035e-01
1.9478018319864688e+14 9.3243188119760876e-04 1.7866160341801418e-01
1.9486961395309988e+14 9.2096558807431021e-04 1.7790575921149387e-01
1.9495904470755288e+14 9.0916232420429409e-04 1.7712977250801809e-01
1.9504847546200588e+14 8.9703593096079242e-04 1.7633819855830249e-01
1.9513790621645891e+14 8.8460078166717503e-04 1.7553502902927987e-01
1.9522733697091191e+14 8.7187171817204091e-04 1.7472365323995021e-01
1.9531676772536491e+14 8.5886398765893550e-04 1.7390681682469944e-01
1.9540619847981791e+14 8.4559317993489755e-04 1.7308657744009892e-01
1.9549562923427091e+14 8.3207516543925598e-04 1.7226425710846396e-01
1.9558505998872391e+14 8.1832603421469789e-04 1.7144039076340761e-01
1.9567449074317694e+14 8.0436203608280372e-04 1.7061467052741264e-01
1.9576392149762994e+14 7.9019952226852216e-04 1.6978588520785909e-01
1.9585335225208294e+14 7.7585488872036962e-04 1.6895185444857780e-01
1.9594278300653594e+14 7.6134452137818038e-04 1.6810935691060122e-01
("port 3","mode 1",1,"port 1",1,"transmission",1.2632340489713625e-13)
(52, 3)
1.9156067603833869e+14 9.9135136956145556e-04 -3.0452947697477830e+00
1.9165010679279169e+14 9.9399327580350577e-04 -3.0396361393208826e+00
1.9173953754724469e+14 9.9658189922657977e-04 -3.0342544373352474e+00
1.9182896830169769e+14 9.9909048418912348e-04 -3.0291559766490961e+00
1.9191839905615072e+14 1.0014925141807599e-03 -3.0243449824005340e+00
1.9200782981060372e+14 1.0037618872130703e-03 -3.0198237350952497e+00
1.9209726056505672e+14 1.0058730768246771e-03 -3.0155927196760084e+00
1.9218669131950972e+14 1.0078012783839322e-03 -3.0116507775577626e+00
1.9227612207396272e+14 1.0095225406262607e-03 -3.0079952589956322e+00
1.9236555282841572e+14 1.0110138825771000e-03 -3.0046221735511787e+00
1.9245498358286875e+14 1.0122533961870717e-03 -3.0015263368111440e+00
1.9254441433732175e+14 1.0132203351450330e-03 -2.9987015118866980e+00
1.9263384509177475e+14 1.0138951904410309e-03 -2.9961405445681000e+00
1.9272327584622775e+14 1.0142597533278751e-03 -2.9938354913214988e+00
1.9281270660068075e+14 1.0142971663813882e-03 -2.9917777395938074e+00
1.9290213735513375e+14 1.0139919633890770e-03 -2.9899581201293666e+00
1.9299156810958678e+14 1.0133300988088209e-03 -2.9883670112072105e+00
1.9308099886403978e+14 1.0122989675368000e-03 -2.9869944348742368e+00
1.9317042961849278e+14 1.0108874157101044e-03 -2.9858301453854286e+00
1.9325986037294578e+14 1.0090857432475898e-03 -2.9848637101680850e+00
1.9334929112739878e+14 1.0068856988044428e-03 -2.9840845837078365e+00
1.9343872188185178e+14 1.0042804677839301e-03 -2.9834821748103804e+00
1.9352815263630481e+14 1.0012646540155880e-03 -2.9830459077330667e+00
1.9361758339075781e+14 9.9783425567372976e-04 -2.9827652777013451e+00
1.9370701414521081e+14 9.9398663597510210e-04 -2.9826299013361997e+00
1.9373235434948506e+14 9.9282034123190509e-04 -2.9826165336583363e+00
1.9377110469538956e+14 9.9097181993962097e-04 -2.9826165336583363e+00
1.9379644489966381e+14 9.8972048916029357e-04 -2.9826295625173125e+00
1.9388587565411681e+14 9.8503580223060182e-04 -2.9827542541979413e+00
1.9397530640856981e+14 9.7993381288137668e-04 -2.9829942166726715e+00
1.9406473716302284e+14 9.7441696404415470e-04 -2.9833399727811116e+00
1.9415416791747584e+14 9.6848885542361409e-04 -2.9837823605068277e+00
1.9424359867192884e+14 9.6215419239137790e-04 -2.9843125634087366e+00
1.9433302942638184e+14 9.5541873257737602e-04 -2.9849221392964576e+00
1.9442246018083484e+14 9.4828923048004537e-04 -2.9856030475368480e+00
1.9451189093528784e+14 9.4077338039999427e-04 -2.9863476753552591e+00
1.9460132168974088e+14 9.3287975798653200e-04 -2.9871488634707353e+00
1.9469075244419388e+14 9.2461776067400184e-04 -2.9879999313840133e+00
1.9478018319864688e+14 9.1599754727343034e-04 -2.9888947026163297e+00
1.9486961395309988e+14 9.0702997697580511e-04 -2.9898275301787414e+00
1.9495904470755288e+14 8.9772654801513994e-04 -2.9907933225354273e+00
1.9504847546200588e+14 8.8809933623325038e-04 -2.9917875703111090e+00
1.9513790621645891e+14 8.7816093378231559e-04 -2.9928063739794961e+00
1.9522733697091191e+14 8.6792438819758753e-04 -2.9938464727617533e+00
1.9531676772536491e+14 8.5740314206830652e-04 -2.9949052749557055e+00
1.9540619847981791e+14 8.4661097353350796e-04 -2.9959808899132412e+00
1.9549562923427091e+14 8.3556193782648354e-04 -2.9970721618816327e+00
1.9558505998872391e+14 8.2427031009095584e-04 -2.9981787059257892e+00
1.9567449074317694e+14 8.1275052969109762e-04 -2.9993009461533617e+00
1.9576392149762994e+14 8.0101714623753467e-04 -3.0004401564738870e+00
1.9585335225208294e+14 7.8908476755096496e-04 -3.0015985041337707e+00
1.9594278300653594e+14 7.7696800978632643e-04 -3.0027790962872407e+00
("port 3","mode 1",1,"port 2",1,"transmission",1.3856282587479238e-13)
(52, 3)
1.9156067603833869e+14 3.2795081666811265e-01 -1.1310377658943944e-02
1.9165010679279169e+14 3.2704741811123039e-01 -1.1220779006426044e-02
1.9173953754724469e+14 3.2614645777670215e-01 -1.1134726888681100e-02
1.9182896830169769e+14 3.2524793105286515e-01 -1.1052240814846357e-02
1.9191839905615072e+14 3.2435183327310202e-01 -1.0973339815883793e-02
1.9200782981060372e+14 3.2345815972023706e-01 -1.0898042443681229e-02
1.9209726056505672e+14 3.2256690563104035e-01 -1.0826366771891331e-02
1.9218669131950972e+14 3.2167806620085371e-01 -1.0758330399211324e-02
1.9227612207396272e+14 3.2079163658830168e-01 -1.0693950454005062e-02
1.9236555282841572e+14 3.1990761192010525e-01 -1.0633243601351303e-02
1.9245498358286875e+14 3.1902598729596621e-01 -1.0576226051723611e-02
1.9254441433732175e+14 3.1814675779352120e-01 -1.0522913570991282e-02
1.9263384509177475e+14 3.1726991847333147e-01 -1.0473321492588996e-02
1.9272327584622775e+14 3.1639546438391020e-01 -1.0427464730560602e-02
1.9281270660068075e+14 3.1552339056676826e-01 -1.0385357794444027e-02
1.9290213735513375e+14 3.1465369206143240e-01 -1.0347014804778298e-02
1.9299156810958678e+14 3.1378636391045445e-01 -1.0312449509926876e-02
1.9308099886403978e+14 3.1292140116434758e-01 -1.0281675303792908e-02
1.9317042961849278e+14 3.1205879888646304e-01 -1.0254705244212146e-02
1.9325986037294578e+14 3.1119855215774633e-01 -1.0231552071583990e-02
1.9334929112739878e+14 3.1034065608138378e-01 -1.0212228228416822e-02
1.9343872188185178e+14 3.0948510578728633e-01 -1.0196745878578165e-02
1.9352815263630481e+14 3.0863189643639172e-01 -1.0185116927103161e-02
1.9361758339075781e+14 3.0778102322476908e-01 -1.0177353039484733e-02
1.9370701414521081e+14 3.0693248138748208e-01 -1.0173465660879769e-02
1.9373235434948506e+14 3.0669247029051711e-01 -1.0173070554291418e-02
1.9377110469538956e+14 3.0632580531931691e-01 -1.0173070554291416e-02
1.9379644489966381e+14 3.0608626620220047e-01 -1.0173466035101638e-02
1.9388587565411681e+14 3.0524237299253604e-01 -1.0177365222974065e-02
1.9397530640856981e+14 3.0440079713105511e-01 -1.0185174119790426e-02
1.9406473716302284e+14 3.0356153404198516e-01 -1.0196903472504850e-02
1.9415416791747584e+14 3.0272457920355661e-01 -1.0212563895640681e-02
1.9424359867192884e+14 3.0188992814998666e-01 -1.0232165886406273e-02
1.9433302942638184e+14 3.0105757647307263e-01 -1.0255719838699676e-02
1.9442246018083484e+14 3.0022751982339863e-01 -1.0283236055875274e-02
1.9451189093528784e+14 2.9939975391112300e-01 -1.0314724762623606e-02
1.9460132168974088e+14 2.9857427450635093e-01 -1.0350196115137319e-02
1.9469075244419388e+14 2.9775107743908263e-01 -1.0389660210203676e-02
1.9478018319864688e+14 2.9693015859872923e-01 -1.0433127093082013e-02
1.9486961395309988e+14 2.9611151393322271e-01 -1.0480606763869152e-02
1.9495904470755288e+14 2.9529513944766533e-01 -1.0532109182357832e-02
1.9504847546200588e+14 2.9448103120260566e-01 -1.0587644271931792e-02
1.9513790621645891e+14 2.9366918531187947e-01 -1.0647221921716453e-02
1.9522733697091191e+14 2.9285959794007721e-01 -1.0710851987853296e-02
1.9531676772536491e+14 2.9205226529962058e-01 -1.0778544293073664e-02
1.9540619847981791e+14 2.9124718364750057e-01 -1.0850308625246089e-02
1.9549562923427091e+14 2.9044434928169582e-01 -1.0926154734895638e-02
1.9558505998872391e+14 2.8964375853725827e-01 -1.1006092331521961e-02
1.9567449074317694e+14 2.8884540778216444e-01 -1.1090131078638162e-02
1.9576392149762994e+14 2.8804929341290009e-01 -1.1178280588378676e-02
1.9585335225208294e+14 2.8725541184986303e-01 -1.1270550414713634e-02
1.9594278300653594e+14 2.8646375953259134e-01 -1.1366950046448346e-02
("port 3","mode 1",1,"port 3",1,"transmission",7.6825991868785725e-14)
(52, 3)
1.9156067603833869e+14 3.2346048271917863e-03 4.4877531242499991e-02
1.9165010679279169e+14 3.2634876035991483e-03 6.5381384189978450e-02
1.9173953754724469e+14 3.2946362887774604e-03 8.5602246327888237e-02
1.9182896830169769e+14 3.3278663950223981e-03 1.0542364103424116e-01
1.9191839905615072e+14 3.3629625586025233e-03 1.2474011924589343e-01
1.9200782981060372e+14 3.3996819046111710e-03 1.4345777420981981e-01
1.9209726056505672e+14 3.4377577448574609e-03 1.6149439812399369e-01
1.9218669131950972e+14 3.4769034739588352e-03 1.7877931398473088e-01
1.9227612207396272e+14 3.5168165413944747e-03 1.9525292858700527e-01
1.9236555282841572e+14 3.5571823945855473e-03 2.1086605991732327e-01
1.9245498358286875e+14 3.5976783078302400e-03 2.2557909446068874e-01
1.9254441433732175e+14 3.6379770322506606e-03 2.3936102815368618e-01
1.9263384509177475e+14 3.6777502212957344e-03 2.5218843984598416e-01
1.9272327584622775e+14 3.7166716037316267e-03 2.6404443932746402e-01
1.9281270660068075e+14 3.7544198907352578e-03 2.7491762422985200e-01
1.9290213735513375e+14 3.7906814156051451e-03 2.8480107217993261e-01
1.9299156810958678e+14 3.8251525135548060e-03 2.9369138716279397e-01
1.9308099886403978e+14 3.8575416555182915e-03 3.0158781239051824e-01
1.9317042961849278e+14 3.8875713540420802e-03 3.0849141641936401e-01
1.9325986037294578e+14 3.9149798617304976e-03 3.1440435474380202e-01
1.9334929112739878e+14 3.9395226836153006e-03 3.1932920567680917e-01
1.9343872188185178e+14 3.9609739247456806e-03 3.2326837685488952e-01
1.9352815263630481e+14 3.9791274934290587e-03 3.2622357705518806e-01
1.9361758339075781e+14 3.9937981792499255e-03 3.2819534706910891e-01
1.9370701414521081e+14 4.0048226234322233e-03 3.2918264296992850e-01
1.9373235434948506e+14 4.0072634072640754e-03 3.2928303649815399e-01
1.9377110469538956e+14 4.0104011664256018e-03 3.2928303649815399e-01
1.9379644489966381e+14 4.0120601973926530e-03 3.2918246515438393e-01
1.9388587565411681e+14 4.0153938036628098e-03 3.2818952691973086e-01
1.9397530640856981e+14 4.0147306116281858e-03 3.2619595699242371e-01
1.9406473716302284e+14 4.0100027390205985e-03 3.2319103129430182e-01
1.9415416791747584e+14 4.0011678884935504e-03 3.1916093029720266e-01
1.9424359867192884e+14 3.9882099471822141e-03 3.1408851957807676e-01
1.9433302942638184e+14 3.9711395556372908e-03 3.0795315262794321e-01
1.9442246018083484e+14 3.9499946509448892e-03 3.0073049665189044e-01
1.9451189093528784e+14 3.9248409871282374e-03 2.9239238404574808e-01
1.9460132168974088e+14 3.8957726338744608e-03 2.8290669451038447e-01
1.9469075244419388e+14 3.8629124521755778e-03 2.7223727543074561e-01
1.9478018319864688e+14 3.8264125424000649e-03 2.6034391127838891e-01
1.9486961395309988e+14 3.7864546564099497e-03 2.4718235645398565e-01
1.9495904470755288e+14 3.7432505603862240e-03 2.3270445021675348e-01
1.9504847546200588e+14 3.6970423287261563e-03 2.1685833717001857e-01
1.9513790621645891e+14 3.6481025414704877e-03 1.9958882212738191e-01
1.9522733697091191e+14 3.5967343478492553e-03 1.8083789392082700e-01
1.9531676772536491e+14 3.5432713465192800e-03 1.6054545849454044e-01
1.9540619847981791e+14 3.4880772187469758e-03 1.3865032694832533e-01
1.9549562923427091e+14 3.4315450341101616e-03 1.1509150813895658e-01
1.9558505998872391e+14 3.3740961297952332e-03 8.9809856824989265e-02
1.9567449074317694e+14 3.3161784450441993e-03 6.2750125399506640e-02
1.9576392149762994e+14 3.2582641734122154e-03 3.3863457831085776e-02
1.9585335225208294e+14 3.2008465798430536e-03 3.1103459585263495e-03
1.9594278300653594e+14 3.1444358209776228e-03 -2.9535961897979614e-02
("port 3","mode 1",1,"port 4",1,"transmission",1.3845854673055093e-13)
(52, 3)
1.9156067603833869e+14 9.3798545338325623e-01 -1.7647056024829568e+00
1.9165010679279169e+14 9.3835362099171082e-01 -1.7646053154242773e+00
1.9173953754724469e+14 9.3871929452370795e-01 -1.7645090189075781e+00
1.9182896830169769e+14 9.3908247911610332e-01 -1.7644167387626783e+00
1.9191839905615072e+14 9.3944317985950931e-01 -1.7643284996177488e+00
1.9200782981060372e+14 9.3980140178773919e-01 -1.7642443248537372e+00
1.9209726056505672e+14 9.4015714986495669e-01 -1.7641642365650929e+00
1.9218669131950972e+14 9.4051042897081261e-01 -1.7640882555278676e+00
1.9227612207396272e+14 9.4086124388408754e-01 -1.7640164011743258e+00
1.9236555282841572e+14 9.4120959926518155e-01 -1.7639486915756044e+00
1.9245498358286875e+14 9.4155549963792118e-01 -1.7638851434316778e+00
1.9254441433732175e+14 9.4189894937115382e-01 -1.7638257720687041e+00
1.9263384509177475e+14 9.4223995266056548e-01 -1.7637705914444979e+00
1.9272327584622775e+14 9.4257851351116417e-01 -1.7637196141610694e+00
1.9281270660068075e+14 9.4291463572091583e-01 -1.7636728514851421e+00
1.9290213735513375e+14 9.4324832286592586e-01 -1.7636303133753293e+00
1.9299156810958678e+14 9.4357957828761840e-01 -1.7635920085166603e+00
1.9308099886403978e+14 9.4390840508227347e-01 -1.7635579443617397e+00
1.9317042961849278e+14 9.4423480609333277e-01 -1.7635281271781809e+00
1.9325986037294578e+14 9.4455878390675185e-01 -1.7635025621015761e+00
1.9334929112739878e+14 9.4488034084975703e-01 -1.7634812531943591e+00
1.9343872188185178e+14 9.4519947899320333e-01 -1.7634642035089327e+00
1.9352815263630481e+14 9.4551620015781046e-01 -1.7634514151556213e+00
1.9361758339075781e+14 9.4583050592436368e-01 -1.7634428893736822e+00
1.9370701414521081e+14 9.4614239764807950e-01 -1.7634386266056834e+00
1.9373235434948506e+14 9.4623033341375606e-01 -1.7634381938238290e+00
1.9377110469538956e+14 9.4636443057629671e-01 -1.7634381938238290e+00
1.9379644489966381e+14 9.4645187647714701e-01 -1.7634386265742388e+00
1.9388587565411681e+14 9.4675894337544242e-01 -1.7634428883603821e+00
1.9397530640856981e+14 9.4706359914945826e-01 -1.7634514104826815e+00
1.9406473716302284e+14 9.4736584447924199e-01 -1.7634641909771787e+00
1.9415416791747584e+14 9.4766567995327866e-01 -1.7634812274765601e+00
1.9424359867192884e+14 9.4796310610709789e-01 -1.7635025172885042e+00
1.9433302942638184e+14 9.4825812346533633e-01 -1.7635280574723522e+00
1.9442246018083484e+14 9.4855073258694456e-01 -1.7635578449133029e+00
1.9451189093528784e+14 9.4884093411328219e-01 -1.7635918763941743e+00
1.9460132168974088e+14 9.4912872881859500e-01 -1.7636301486631929e+00
1.9469075244419388e+14 9.4941411766254391e-01 -1.7636726584981193e+00
1.9478018319864688e+14 9.4969710184429657e-01 -1.7637194027660170e+00
1.9486961395309988e+14 9.4997768285766460e-01 -1.7637703784780989e+00
1.9495904470755288e+14 9.5025586254685868e-01 -1.7638255828391687e+00
1.9504847546200588e+14 9.5053164316225069e-01 -1.7638850132919910e+00
1.9513790621645891e+14 9.5080502741563522e-01 -1.7639486675554430e+00
1.9522733697091191e+14 9.5107601853445656e-01 -1.7640165436572284e+00
1.9531676772536491e+14 9.5134462031443323e-01 -1.7640886399600535e+00
1.9540619847981791e+14 9.5161083717003581e-01 -1.7641649551819196e+00
1.9549562923427091e+14 9.5187467418227867e-01 -1.7642454884104308e+00
1.9558505998872391e+14 9.5213613714332701e-01 -1.7643302391109779e+00
1.9567449074317694e+14 9.5239523259741266e-01 -1.7644192071287923e+00
1.9576392149762994e+14 9.5265196787757866e-01 -1.7645123926858002e+00
1.9585335225208294e+14 9.5290635113783739e-01 -1.7646097963715321e+00
1.9594278300653594e+14 9.5315839138032377e-01 -1.7647114191294260e+00
("port 4","mode 1",1,"port 1",1,"transmission",1.3856306253747689e-13)
(52, 3)
1.9156067603833869e+14 3.2794581324771310e-01 3.1304013232300667e+00
1.9165010679279169e+14 3.2704259841691741e-01 3.1304912328384851e+00
1.9173953754724469e+14 3.2614181335906262e-01 3.1305775837761010e+00
1.9182896830169769e+14 3.2524345355126244e-01 3.1306603565131397e+00
1.9191839905615072e+14 3.2434751441082510e-01 3.1307395319920608e+00
1.9200782981060372e+14 3.2345399129963520e-01 3.1308150916281123e+00
1.9209726056505672e+14 3.2256287952867335e-01 3.1308870173081655e+00
1.9218669131950972e+14 3.2167417436269391e-01 3.1309552913871523e+00
1.9227612207396272e+14 3.2078787102501377e-01 3.1310198966831955e+00
1.9236555282841572e+14 3.1990396470243720e-01 3.1310808164703525e+00
1.9245498358286875e+14 3.1902245055027628e-01 3.1311380344697790e+00
1.9254441433732175e+14 3.1814332369746834e-01 3.1311915348396138e+00
1.9263384509177475e+14 3.1726657925175589e-01 3.1312413021627505e+00
1.9272327584622775e+14 3.1639221230492220e-01 3.1312873214337866e+00
1.9281270660068075e+14 3.1552021793806795e-01 3.1313295780441872e+00
1.9290213735513375e+14 3.1465059122687983e-01 3.1313680577668834e+00
1.9299156810958678e+14 3.1378332724690278e-01 3.1314027467396151e+00
1.9308099886403978e+14 3.1291842107875328e-01 3.1314336314474294e+00
1.9317042961849278e+14 3.1205586781328409e-01 3.1314606987045752e+00
1.9325986037294578e+14 3.1119566255663750e-01 3.1314839356362048e+00
1.9334929112739878e+14 3.1033780043519060e-01 3.1315033296592185e+00
1.9343872188185178e+14 3.0948227660034594e-01 3.1315188684634649e+00
1.9352815263630481e+14 3.0862908623313401e-01 3.1315305399924274e+00
1.9361758339075781e+14 3.0777822454862364e-01 3.1315383324244843e+00
1.9370701414521081e+14 3.0692968680007865e-01 3.1315422341542938e+00
1.9373235434948506e+14 3.0668967551168103e-01 3.1315426307241356e+00
1.9377110469538956e+14 3.0632300909649712e-01 3.1315426307241356e+00
1.9379644489966381e+14 3.0608346828286076e-01 3.1315422337744394e+00
1.9388587565411681e+14 3.0523956433804478e-01 3.1315383200577487e+00
1.9397530640856981e+14 3.0439797035570054e-01 3.1315304819405423e+00
1.9406473716302284e+14 3.0355868177785456e-01 3.1315187085061797e+00
1.9415416791747584e+14 3.0272169410107058e-01 3.1315029889699053e+00
1.9424359867192884e+14 3.0188700287865694e-01 3.1314833126645212e+00
1.9433302942638184e+14 3.0105460372246351e-01 3.1314596690271612e+00
1.9442246018083484e+14 3.0022449230427167e-01 3.1314320475873281e+00
1.9451189093528784e+14 2.9939666435674717e-01 3.1314004379558065e+00
1.9460132168974088e+14 2.9857111567394978e-01 3.1313648298152899e+00
1.9469075244419388e+14 2.9774784211140570e-01 3.1313252129120683e+00
1.9478018319864688e+14 2.9692683958571420e-01 3.1312815770489100e+00
1.9486961395309988e+14 2.9610810407373145e-01 3.1312339120794372e+00
1.9495904470755288e+14 2.9529163161127092e-01 3.1311822079039744e+00
1.9504847546200588e+14 2.9447741829140095e-01 3.1311264544663269e+00
1.9513790621645891e+14 2.9366546026229201e-01 3.1310666417522652e+00
1.9522733697091191e+14 2.9285575372466283e-01 3.1310027597888399e+00
1.9531676772536491e+14 2.9204829492881557e-01 3.1309347986453462e+00
1.9540619847981791e+14 2.9124308017131290e-01 3.1308627484352614e+00
1.9549562923427091e+14 2.9044010579131385e-01 3.1307865993191570e+00
1.9558505998872391e+14 2.8963936816655944e-01 3.1307063415087475e+00
1.9567449074317694e+14 2.8884086370910700e-01 3.1306219652721583e+00
1.9576392149762994e+14 2.8804458886078116e-01 3.1305334609395596e+00
1.9585335225208294e+14 2.8725054008843037e-01 3.1304408189101243e+00
1.9594278300653594e+14 2.8645871387899541e-01 3.1303440296591400e+00
("port 4","mode 1",1,"port 2",1,"transmission",1.2701566834283907e-13)
(52, 3)
1.9156067603833869e+14 1.0433456925488976e-03 1.3170547392659326e-01
1.9165010679279169e+14 1.0448742638135926e-03 1.3754492031571039e-01
1.9173953754724469e+14 1.0463329721383378e-03 1.4310346708228347e-01
1.9182896830169769e+14 1.0476944685916052e-03 1.4837468749012472e-01
1.9191839905615072e+14 1.0489317030487623e-03 1.5335418000122156e-01
1.9200782981060372e+14 1.0500181063158730e-03 1.5803943520610980e-01
1.9209726056505672e+14 1.0509277569270416e-03 1.6242969606982793e-01
1.9218669131950972e+14 1.0516355322971651e-03 1.6652581440840930e-01
1.9227612207396272e+14 1.0521172441761537e-03 1.7033010616533500e-01
1.9236555282841572e+14 1.0523497585744016e-03 1.7384620769217940e-01
1.9245498358286875e+14 1.0523111005137716e-03 1.7707893487673362e-01
1.9254441433732175e+14 1.0519805441050907e-03 1.8003414661040704e-01
1.9263384509177475e+14 1.0513386885660839e-03 1.8271861375706513e-01
1.9272327584622775e+14 1.0503675208757945e-03 1.8513989448608403e-01
1.9281270660068075e+14 1.0490504658169765e-03 1.8730621656141208e-01
1.9290213735513375e+14 1.0473724241907966e-03 1.8922636694520337e-01
1.9299156810958678e+14 1.0453198000020256e-03 1.9090958887104317e-01
1.9308099886403978e+14 1.0428805174116634e-03 1.9236548637439266e-01
1.9317042961849278e+14 1.0400440282404019e-03 1.9360393612927179e-01
1.9325986037294578e+14 1.0368013107840864e-03 1.9463500633020747e-01
1.9334929112739878e+14 1.0331448606732310e-03 1.9546888227248735e-01
1.9343872188185178e+14 1.0290686744751246e-03 1.9611579822178829e-01
1.9352815263630481e+14 1.0245682267010950e-03 1.9658597511785880e-01
1.9361758339075781e+14 1.0196404408439146e-03 1.9688956362968688e-01
1.9370701414521081e+14 1.0142836550330254e-03 1.9703659206208396e-01
1.9373235434948506e+14 1.0126877365498215e-03 1.9705115620896771e-01
1.9377110469538956e+14 1.0101806160674673e-03 1.9705115620896768e-01
1.9379644489966381e+14 1.0084975828585938e-03 1.9703691860868458e-01
1.9388587565411681e+14 1.0022832698799848e-03 1.9690018744895571e-01
1.9397530640856981e+14 9.9564304630106438e-04 1.9663578819560695e-01
1.9406473716302284e+14 9.8858047626354637e-04 1.9625281821102686e-01
1.9415416791747584e+14 9.8110030418090393e-04 1.9576004732942734e-01
1.9424359867192884e+14 9.7320839850896794e-04 1.9516588453777084e-01
1.9433302942638184e+14 9.6491169332584492e-04 1.9447834618869117e-01
1.9442246018083484e+14 9.5621812807214891e-04 1.9370502533715889e-01
1.9451189093528784e+14 9.4713658578395650e-04 1.9285306181053652e-01
1.9460132168974088e+14 9.3767683013372839e-04 1.9192911263993401e-01
1.9469075244419388e+14 9.2784944158028190e-04 1.9093932249472814e-01
1.9478018319864688e+14 9.1766575291587701e-04 1.8988929377612590e-01
1.9486961395309988e+14 9.0713778448781794e-04 1.8878405603655940e-01
1.9495904470755288e+14 8.9627817936252074e-04 1.8762803439979292e-01
1.9504847546200588e+14 8.8510013869268298e-04 1.8642501666098235e-01
1.9513790621645891e+14 8.7361735754133967e-04 1.8517811874915541e-01
1.9522733697091191e+14 8.6184396141215512e-04 1.8388974823125567e-01
1.9531676772536491e+14 8.4979444373040134e-04 1.8256156553256042e-01
1.9540619847981791e+14 8.3748360451746146e-04 1.8119444253720376e-01
1.9549562923427091e+14 8.2492649049864194e-04 1.7978841821806729e-01
1.9558505998872391e+14 8.1213833688369836e-04 1.7834265092554361e-01
1.9567449074317694e+14 7.9913451105911881e-04 1.7685536693871082e-01
1.9576392149762994e+14 7.8593045843229213e-04 1.7532380484915952e-01
1.9585335225208294e+14 7.7254165066865433e-04 1.7374415530961976e-01
1.9594278300653594e+14 7.5898353656634677e-04 1.7211149562974781e-01
("port 4","mode 1",1,"port 3",1,"transmission",1.3845853883184789e-13)
(52, 3)
1.9156067603833869e+14 9.3798553590173883e-01 -1.7647058450709736e+00
1.9165010679279169e+14 9.3835370126307149e-01 -1.7646055285389275e+00
1.9173953754724469e+14 9.3871937066009425e-01 -1.7645092040464738e+00
1.9182896830169769e+14 9.3908254943595659e-01 -1.7644168975731962e+00
1.9191839905615072e+14 9.3944324289646208e-01 -1.7643286338688073e+00
1.9200782981060372e+14 9.3980145629652478e-01 -1.7642444364072849e+00
1.9209726056505672e+14 9.4015719482434634e-01 -1.7641643273476506e+00
1.9218669131950972e+14 9.4051046358364665e-01 -1.7640883275024586e+00
1.9227612207396272e+14 9.4086126757448274e-01 -1.7640164563131200e+00
1.9236555282841572e+14 9.4120961167302930e-01 -1.7639487318335827e+00
1.9245498358286875e+14 9.4155550061082960e-01 -1.7638851707216052e+00
1.9254441433732175e+14 9.4189893895400667e-01 -1.7638257882376829e+00
1.9263384509177475e+14 9.4223993108289872e-01 -1.7637705982523368e+00
1.9272327584622775e+14 9.4257848117258436e-01 -1.7637196132606905e+00
1.9281270660068075e+14 9.4291459317479431e-01 -1.7636728444052105e+00
1.9290213735513375e+14 9.4324827080163054e-01 -1.7636303015052597e+00
1.9299156810958678e+14 9.4357951751155478e-01 -1.7635919930941262e+00
1.9308099886403978e+14 9.4390833649801609e-01 -1.7635579264627768e+00
1.9317042961849278e+14 9.4423473068111674e-01 -1.7635281077099405e+00
1.9325986037294578e+14 9.4455870270263453e-01 -1.7635025417977508e+00
1.9334929112739878e+14 9.4488025492472139e-01 -1.7634812326132743e+00
1.9343872188185178e+14 9.4519938943249160e-01 -1.7634641830342586e+00
1.9352815263630481e+14 9.4551610804075648e-01 -1.7634513949996278e+00
1.9361758339075781e+14 9.4583041230499820e-01 -1.7634428695829354e+00
1.9370701414521081e+14 9.4614230353674744e-01 -1.7634386070690455e+00
1.9373235434948506e+14 9.4623023933871109e-01 -1.7634381743182814e+00
1.9377110469538956e+14 9.4636433670063846e-01 -1.7634381743182814e+00
1.9379644489966381e+14 9.4645178282337872e-01 -1.7634386070330097e+00
1.9388587565411681e+14 9.4675885105228152e-01 -1.7634428684203955e+00
1.9397530640856981e+14 9.4706350893945312e-01 -1.7634513896281481e+00
1.9406473716302284e+14 9.4736575706225157e-01 -1.7634641685860437e+00
1.9415416791747584e+14 9.4766559589624644e-01 -1.7634812028371356e+00
1.9424359867192884e+14 9.4796302585590519e-01 -1.7635024896171121e+00
1.9433302942638184e+14 9.4825804733881758e-01 -1.7635280259317134e+00
1.9442246018083484e+14 9.4855066077312422e-01 -1.7635578086313943e+00
1.9451189093528784e+14 9.4884086666786072e-01 -1.7635918344832775e+00
1.9460132168974088e+14 9.4912866566567866e-01 -1.7636301002388561e+00
1.9469075244419388e+14 9.4941405859758632e-01 -1.7636726026977574e+00
1.9478018319864688e+14 9.4969704653918940e-01 -1.7637193387668824e+00
1.9486961395309988e+14 9.4997763086789366e-01 -1.7637703055143668e+00
1.9495904470755288e+14 9.5025581332059439e-01 -1.7638255002178951e+00
1.9504847546200588e+14 9.5053159605123971e-01 -1.7638849204077107e+00
1.9513790621645891e+14 9.5080498168773275e-01 -1.7639485639032089e+00
1.9522733697091191e+14 9.5107597338760008e-01 -1.7640164288438964e+00
1.9531676772536491e+14 9.5134457489185686e-01 -1.7640885137136597e+00
1.9540619847981791e+14 9.5161079057650144e-01 -1.7641648173590077e+00
1.9549562923427091e+14 9.5187462550109647e-01 -1.7642453390012247e+00
1.9558505998872391e+14 9.5213608545390127e-01 -1.7643300782423192e+00
1.9567449074317694e+14 9.5239517699307474e-01 -1.7644190350647926e+00
1.9576392149762994e+14 9.5265190748343831e-01 -1.7645122098261887e+00
1.9585335225208294e+14 9.5290628512840636e-01 -1.7646096032477150e+00
1.9594278300653594e+14 9.5315831899663628e-01 -1.7647112163982912e+00
("port 4","mode 1",1,"port 4",1,"transmission",7.9231716766417788e-14)
(52, 3)
1.9156067603833869e+14 3.0324531662231915e-03 4.8028039870751174e-02
1.9165010679279169e+14 3.0684355072473110e-03 6.7457325672055424e-02
1.9173953754724469e+14 3.1067278133407052e-03 8.6670185770687427e-02
1.9182896830169769e+14 3.1471501310365840e-03 1.0554074621679883e-01
1.9191839905615072e+14 3.1894900327996624e-03 1.2395579938160786e-01
1.9200782981060372e+14 3.2335057777385734e-03 1.4181525853318766e-01
1.9209726056505672e+14 3.2789298655889979e-03 1.5903221331963105e-01
1.9218669131950972e+14 3.3254728386054562e-03 1.7553262991222257e-01
1.9227612207396272e+14 3.3728271994617467e-03 1.9125475266559502e-01
1.9236555282841572e+14 3.4206713318157911e-03 2.0614827083323992e-01
1.9245498358286875e+14 3.4686733314766545e-03 2.2017331482016747e-01
1.9254441433732175e+14 3.5164946778754886e-03 2.3329934284512252e-01
1.9263384509177475e+14 3.5637936962465864e-03 2.4550397205603353e-01
1.9272327584622775e+14 3.6102287793796854e-03 2.5677179943577189e-01
1.9281270660068075e+14 3.6554613533235762e-03 2.6709324841550486e-01
1.9290213735513375e+14 3.6991585839044562e-03 2.7646346781065334e-01
1.9299156810958678e+14 3.7409958302822904e-03 2.8488130124100874e-01
1.9308099886403978e+14 3.7806588584971836e-03 2.9234833780788128e-01
1.9317042961849278e+14 3.8178458322542298e-03 2.9886804879238915e-01
1.9325986037294578e+14 3.8522691007040434e-03 3.0444501038036570e-01
1.9334929112739878e+14 3.8836568039585847e-03 3.0908420890879629e-01
1.9343872188185178e+14 3.9117543170864655e-03 3.1279042266696150e-01
1.9352815263630481e+14 3.9363255525703524e-03 3.1556767269653357e-01
1.9361758339075781e+14 3.9571541400485301e-03 3.1741873417019023e-01
1.9370701414521081e+14 3.9740445007465488e-03 3.1834469958858569e-01
1.9373235434948506e+14 3.9780897348424818e-03 3.1843879352230853e-01
1.9377110469538956e+14 3.9836288034156356e-03 3.1843879352230853e-01
1.9379644489966381e+14 3.9868228325577355e-03 3.1834458510807295e-01
1.9388587565411681e+14 3.9953380202981106e-03 3.1741497167788424e-01
1.9397530640856981e+14 3.9994624843376998e-03 3.1554967323769018e-01
1.9406473716302284e+14 3.9990929796948444e-03 3.1273942495185586e-01
1.9415416791747584e+14 3.9941513566547002e-03 3.0897158529565294e-01
1.9424359867192884e+14 3.9845852931839404e-03 3.0422984677283244e-01
1.9433302942638184e+14 3.9703690087282417e-03 2.9849395110702664e-01
1.9442246018083484e+14 3.9515039683884661e-03 2.9173940598495191e-01
1.9451189093528784e+14 3.9280195859512012e-03 2.8393720186931265e-01
1.9460132168974088e+14 3.8999739336512368e-03 2.7505352912553011e-01
1.9469075244419388e+14 3.8674544658070394e-03 2.6504949782789833e-01
1.9478018319864688e+14 3.8305787624397431e-03 2.5388086525816439e-01
1.9486961395309988e+14 3.7894952974541411e-03 2.4149777944532880e-01
1.9495904470755288e+14 3.7443842336803428e-03 2.2784455131615780e-01
1.9504847546200588e+14 3.6954582437313498e-03 2.1285947335541039e-01
1.9513790621645891e+14 3.6429633507971616e-03 1.9647470936759026e-01
1.9522733697091191e+14 3.5871797766031648e-03 1.7861628823480841e-01
1.9531676772536491e+14 3.5284227741939705e-03 1.5920424468415212e-01
1.9540619847981791e+14 3.4670434101947258e-03 1.3815296216594466e-01
1.9549562923427091e+14 3.4034292437272132e-03 1.1537178685957634e-01
1.9558505998872391e+14 3.3380048264490553e-03 9.0765997172526702e-02
1.9567449074317694e+14 3.2712319192763121e-03 6.4238228798925670e-02
1.9576392149762994e+14 3.2036092857218941e-03 3.5690469514162805e-02
1.9585335225208294e+14 3.1356718796034769e-03 5.0267472136093557e-03
1.9594278300653594e+14 3.0679891976455338e-03 -2.7843365639080096e-02
